10000
999768
999672
999461
999361
999322
999122
999057
999041
998880
998789
998536
998463
998011
997894
997696
997639
997571
997548
997530
997281
997272
997094
996881
996862
996754
996653
996328
996296
996280
996175
996103
995733
995728
995657
995603
995533
995483
995417
995362
995355
995332
995240
995233
995192
994890
994799
994720
994715
994644
994610
994570
994399
994311
994089
994041
993986
993879
993870
993779
993661
993579
993547
993435
993311
993189
993169
992801
992714
992708
992502
992492
992456
992407
992260
992244
992184
992149
991802
991651
991428
990929
990837
990768
990739
990674
990613
990573
990564
990468
990467
990438
990383
990378
990351
990341
990105
989978
989543
989411
989358
989331
989257
989157
989084
988933
988882
988616
988288
988225
987866
987845
987818
987736
987593
987538
987518
987505
987396
987178
986495
986253
985971
985957
985927
985821
985817
985764
985621
985599
985545
985545
985358
985221
985144
984912
984852
984796
984768
984711
984657
984649
984582
984551
984473
984389
984321
984200
983684
983593
983586
983575
983518
983507
983445
983345
983261
983178
983137
983090
982785
982732
982595
982055
981635
981507
981460
981411
981362
981337
981230
981045
981038
980973
980949
980756
980721
980630
980608
980476
980459
980370
980364
980079
979533
979523
979463
979417
979391
979343
979061
978795
978760
978619
978615
978367
978001
977984
977898
977867
977715
977504
977492
977423
977367
977338
977304
977242
977089
977078
977077
976927
976759
976664
976616
976395
976038
975940
975820
975785
975752
975752
975606
975552
975505
975470
975450
975373
975183
975130
975004
974852
974775
974762
974705
974642
974580
974579
974578
974265
974136
974105
973992
973837
973376
973372
973309
973273
973199
973052
972991
972977
972843
972816
972796
972744
972666
972530
972517
972486
972368
972106
972025
971983
971924
971792
971655
971585
971561
971553
971544
971504
971348
971277
970987
970908
970796
970772
970715
970422
970122
969848
969683
969576
969445
969383
969309
969244
969078
968976
968858
968812
968439
968151
968021
967798
967716
967381
967262
967142
967066
966524
966420
966348
966218
966019
965947
965811
965689
965628
965603
965584
965509
965317
965244
965221
965101
965044
964956
964819
964758
964734
964719
964714
964658
964637
964510
964362
964346
964315
964309
964285
964041
963928
963896
963894
963870
963719
963705
963443
963428
963249
963146
963137
962894
962892
962589
962396
962245
962186
962093
962025
961878
961857
961844
961801
961776
961685
961473
961421
961172
961139
961006
961004
960975
960931
960890
960510
960505
960486
960414
960330
960000
959823
959790
959688
959594
959526
959292
958969
958670
958623
958243
958073
958072
957930
957892
957672
957545
957388
957332
957111
957068
957008
956650
956623
956553
956534
956416
956282
956268
956265
956176
956075
956007
955966
955920
955820
955700
955626
955547
955522
955474
955468
955338
955100
954932
954853
954582
954560
954542
954314
954258
954202
953991
953864
953786
953761
953728
953684
953516
953430
953334
953279
953258
953114
953026
952986
952812
952712
952607
952269
952250
952241
952192
951877
951774
951477
951426
951404
951348
951288
951244
951169
950962
950961
950952
950903
950562
950479
950476
950424
950320
950279
950231
950191
950049
950038
949975
949948
949939
949766
949745
949320
949301
949172
949064
948968
948903
948895
948816
948744
948702
948638
948610
948544
948490
948466
948420
948195
948073
948004
947964
947915
947899
947714
947685
947650
947509
947190
947167
947160
947123
946984
946679
946658
946629
946609
946441
946186
946179
946159
946134
945951
945947
945834
945825
945649
945181
944950
944946
944930
944835
944770
944711
944619
944579
944525
944219
944102
944082
944001
943942
943912
943752
943691
943639
943371
943344
943281
943204
943012
942987
942984
942969
942967
942931
942712
942577
942565
942516
942208
942197
942080
941891
941891
941822
941736
941696
941523
941519
941324
941202
941094
941033
940737
940691
940516
940501
940481
940226
940159
939641
939443
939338
938966
938860
938690
938668
938586
938586
938567
938422
938237
938125
938038
938028
937584
937490
937343
937073
936896
936769
936753
936502
936431
936198
936116
936044
935888
935721
935667
935645
935644
935634
935524
935192
935188
935093
934975
934890
934861
934705
934574
934481
934328
934297
934292
934285
934255
934189
934163
934032
933802
933764
933698
933504
933423
933392
933233
933193
932890
932810
932635
932578
932410
932402
932401
932279
932267
932183
932180
932168
932149
932142
931913
931767
931598
931568
931501
931352
931311
931306
931177
930904
930684
930654
930586
930424
930310
930252
930214
930016
929799
929576
929573
929450
929336
929282
929173
929044
928884
928857
928776
928771
928734
928710
928701
928642
928611
928539
928437
928265
928242
928225
928004
927927
927856
927311
927132
926975
926560
926526
926464
926415
926346
926330
926263
926153
926116
926113
926087
925841
925730
925659
925516
925427
925302
925177
925113
925103
924997
924944
924725
924661
924616
924498
924371
924370
924344
924287
924245
923875
923673
923659
923545
923451
923418
923328
923261
923191
923041
922941
922775
922702
922687
922400
922361
922343
922292
922161
922004
921952
921849
921606
921445
921427
921282
921202
920978
920889
920875
920725
920586
920560
920325
920310
920307
920252
920228
920156
920053
919904
919850
919772
919755
919661
919461
919117
918696
918608
918588
918581
918316
918254
918151
918097
918069
917921
917913
917896
917849
917786
917578
917403
917285
916933
916870
916454
916255
916181
916164
916129
916056
915999
915905
915889
915528
915506
915225
915126
915091
915084
914978
914973
914942
914916
914687
914520
914326
914317
914148
914134
913950
913610
913597
913597
913562
913541
913539
913538
913438
913376
913371
913267
913246
913228
913193
913181
913155
912965
912934
912913
912819
912760
912683
912670
912606
912450
912446
912287
912274
912220
912216
912186
912126
911911
911795
911792
911522
911503
911458
911303
911058
910954
910953
910952
910946
910912
910883
910759
910606
910604
910576
910493
910343
910317
910220
910196
910146
910011
909696
909612
909475
909433
909423
909148
909146
909114
908906
908871
908869
908799
908601
908533
908404
908403
908368
908275
908198
908191
907984
907958
907841
907727
907513
907205
907194
907147
907143
907020
907000
906947
906792
906526
906440
906250
906159
906107
906098
906028
905899
905587
905580
905545
905429
905312
905258
905109
905089
904940
904754
904700
904664
904555
904355
904084
904037
903978
903887
903741
903445
903436
903351
903337
903291
903204
903023
903022
902981
902957
902833
902466
902455
902217
902017
901723
901707
901460
901447
901210
901192
901178
901078
900834
900799
900718
900614
900477
900475
900386
900328
900229
900127
899945
899544
899522
899462
899408
899378
899127
899048
898967
898954
898936
898869
898729
898681
898661
898575
898536
898431
898053
898048
897963
897949
897934
897884
897673
897504
897349
897031
896904
896741
896610
896573
896513
896393
896345
896304
896302
896289
895984
895746
895679
895662
895644
895428
895424
895332
894988
894866
894494
894379
894359
894264
894148
893938
893868
893745
893582
893257
893132
893110
893029
892905
892890
892862
892534
892420
892404
892336
892335
892332
892187
891696
891672
891671
891666
891609
891393
891366
891127
891098
891013
890928
890917
890685
890269
890196
890191
890122
890029
889939
889931
889867
889851
889847
889821
889680
889666
889662
889440
889362
889173
889163
889041
889015
888938
888801
888792
888741
888666
888509
888501
888338
888287
888286
888219
888181
887895
887701
887681
887642
887607
887464
887442
887410
887395
887328
887296
887153
887114
887033
886997
886977
886910
886628
886548
886293
886282
885835
885781
885726
885559
885557
885377
885313
885279
885177
885175
885129
885085
885057
884885
884758
884712
884195
883953
883937
883906
883699
883660
883339
883328
883244
882961
882915
882785
882722
882618
882541
882441
882402
882361
882297
882233
882222
882059
881965
881926
881690
881682
881640
881547
881423
881248
881231
881027
880958
880947
880897
880683
880662
880593
880589
880541
880331
880292
880262
880205
880181
880169
880152
880150
880069
879995
879918
879864
879855
879687
879558
879487
879465
879373
879346
879253
879221
879100
879036
879028
878990
878893
878827
878708
878569
878370
878273
878180
878063
877934
877933
877632
877580
877548
877381
877115
877083
876908
876602
876498
876418
876253
876178
876023
875868
875810
875524
875511
875451
875410
875339
875259
875228
875160
875049
874952
874858
874853
874794
874707
874635
874582
874581
874524
874519
874376
874214
874195
873947
873897
873848
873644
873526
873519
873512
873474
873411
873328
873194
873159
872845
872841
872841
872771
872675
872649
872592
872559
872537
872487
872355
872145
871836
871696
871467
871443
871430
871414
871403
871342
871255
871065
871041
870778
870717
870529
870485
870343
870277
870265
870104
870085
869841
869789
869758
869661
869567
869449
869319
869228
869104
869051
869018
868946
868943
868924
868894
868712
868694
868405
868068
867986
867954
867877
867789
867740
867737
867449
867330
867323
867119
866987
866977
866868
866813
866731
866656
866537
866513
866328
866119
866095
865835
865731
865712
865199
865125
865123
865116
864949
864915
864864
864491
864357
864344
864295
864204
863957
863630
863580
863519
863502
863482
863416
863302
863031
863019
862924
862812
862785
862644
862626
862473
862382
862297
862291
862011
861716
861518
861322
861224
860973
860818
860512
860376
860349
860284
860255
860232
860147
860130
860103
859810
859779
859704
859571
859557
859482
859475
859248
859220
859113
859076
858750
858618
858604
858583
858567
858545
858525
858510
858317
858222
857967
857625
857420
857184
857117
857091
856912
856844
856775
856747
856581
856558
856551
856463
856259
856236
856186
856029
856025
855953
855896
855865
855860
855743
855737
855695
855684
855542
855503
855472
855354
855342
855306
854927
854769
854652
854571
854492
854390
854295
854233
854140
854059
854021
853909
853904
853791
853657
853497
853485
853480
853472
853269
853237
853147
853050
853023
853000
852847
852750
852727
852716
852648
852458
852300
852202
852168
852158
852114
851819
851544
851481
850760
850751
850745
850699
850697
850687
850669
850617
850548
850461
850452
850333
850208
850094
850071
849873
849817
849717
849574
849426
849291
849165
849043
848891
848818
848717
848516
848504
848364
848335
848021
847920
847863
847690
847665
847653
847568
847550
847480
847409
847307
847188
847095
846995
846847
846783
846325
846139
846123
846006
845976
845872
845844
845832
845804
845768
845350
845287
845246
845163
845128
844895
844671
844615
844613
844574
844537
844454
844387
844353
844018
843843
843792
843598
843532
843391
843301
843168
843072
842813
842711
842690
842624
842409
842236
842191
841835
841809
841677
841559
841447
841439
841286
841263
841257
841216
841181
840844
840827
840732
840710
840615
840430
840145
839984
839762
839553
839481
839477
839465
839402
839367
839292
839198
839137
839127
838967
838850
838764
838593
838507
838495
838210
838061
838021
837964
837884
837872
837777
837578
837526
837428
837412
837405
837382
837338
837203
837137
837129
837122
837071
836913
836581
836548
836372
836335
836330
836313
836174
836091
836008
835763
835518
835449
835273
835214
835041
834931
834919
834832
834803
834639
834413
834268
834247
834118
834114
834073
833636
833595
833583
833452
833422
833349
833255
833226
833207
833064
833056
832484
832372
832342
832307
832229
831907
831851
831816
831680
831675
831617
831436
831380
831362
831287
831285
831278
831207
831138
831075
830826
830728
830606
830547
830495
830480
830450
830244
829960
829706
829551
829342
829177
829142
829117
829099
829078
828892
828855
828727
828712
828178
827946
827777
827718
827622
827546
827398
827389
827138
827071
827036
826833
826829
826709
826477
826308
826267
826045
825892
825861
825841
825808
825741
825734
825702
825636
825555
825359
825188
825119
825103
825089
825067
824966
824815
824694
824612
824486
824452
824341
824289
824240
824220
824204
824187
824158
824138
824069
824013
823840
823818
823755
823721
823636
823411
823296
823241
823197
823137
822853
822835
822793
822758
822696
822657
822626
822602
822462
822417
822324
822103
822032
821834
821805
821678
821661
821338
821094
820927
820906
820879
820733
820123
820020
819997
819790
819772
819602
819487
819445
819334
819246
819181
818900
818778
818433
818386
817942
817870
817754
817738
817503
817332
817253
817024
817016
817009
816959
816916
816801
816489
816487
816282
816281
816227
816111
816087
815601
815576
815496
815382
814995
814806
814754
814627
814513
814230
814031
814018
813933
813891
813823
813812
813692
813464
813319
813310
813240
813143
813105
813065
813054
813050
812743
812736
812625
812512
812499
812380
812230
812164
812137
812092
811801
811753
811746
811698
811691
811641
811610
811500
811455
811390
810918
810825
810663
810549
810314
810208
810159
810079
809889
809850
809754
809652
809481
809335
809267
809173
808860
808838
808782
808776
808694
808657
808490
808430
808394
808289
808218
808075
807969
807874
807843
807608
807568
807270
807266
807251
807216
806917
806901
806764
806729
806700
806615
806455
806405
806354
806284
806086
806046
805925
805840
805798
805760
805669
805659
805589
805570
805396
805222
805201
805189
805119
805107
805063
805025
804924
804811
804782
804724
804660
804659
804567
804546
804520
804510
804403
804399
804205
804203
804143
803908
803889
803887
803752
803513
803403
803148
802998
802978
802834
802814
802788
802663
802651
802624
802492
802451
802337
802065
801944
801930
801861
801805
801745
801705
801521
801335
801308
801298
801239
801019
800916
800877
800691
800523
800512
800472
800340
800340
800249
800043
799981
799950
799908
799684
799586
799526
799259
799246
799246
798943
798903
798902
798855
798724
798717
798698
798614
798302
798257
798245
798240
798158
798124
798092
797684
797573
797390
797387
797331
797284
797116
796997
796567
796507
796474
796181
796116
796108
796054
795885
795868
795864
795720
795495
795337
795306
795184
795156
795107
795025
795019
794992
794896
794667
794648
794404
794346
794319
794242
794158
793810
793684
793640
793611
793083
793005
792857
792771
792720
792693
792533
792427
792375
792289
792055
792039
791969
791937
791930
791662
791500
791276
791232
791221
791172
791115
790945
790695
790652
790626
790573
790215
790138
789318
789245
789227
789111
788947
788942
788820
788734
788555
788545
788519
788478
788438
788428
788386
788325
788284
788199
788146
788115
788045
787985
787833
787761
787670
787584
787568
787449
787441
787307
787243
787207
787160
787014
786971
786909
786818
786565
786399
786320
786110
785976
785974
785840
785775
785631
785576
785461
785456
785345
785288
785233
785152
785111
785002
785000
784897
784897
784872
784785
784629
784588
784556
784539
784401
784250
784038
783968
783928
783899
783713
783661
783451
783293
783246
783167
783014
782970
782809
782665
782427
782386
782309
782061
781949
781792
781649
781636
781594
781428
781390
781329
781223
781182
781161
780956
780831
780726
780516
780442
780296
780259
780222
780196
780191
779961
779820
779757
779577
779546
779153
779144
779068
779024
778943
778887
778722
778682
778655
778508
778483
778444
778425
777978
777875
777834
777799
777794
777783
777770
777680
777529
777421
777354
777287
777242
776743
776645
776639
776298
776048
776038
776021
775863
775780
775731
775678
775618
775538
775485
775461
775433
775424
775358
775277
775249
774888
774854
774844
774671
774579
774526
774494
774459
774449
774190
774026
773907
773863
773757
773657
773522
773448
773394
773091
773073
773038
772794
772760
772755
772716
772689
772627
772552
772535
772521
772485
772410
772331
772329
772049
772013
771854
771828
771820
771519
771481
771411
771405
771356
771031
770937
770923
770897
770886
770778
770753
770578
770391
769944
769937
769779
769726
769713
769449
769413
769273
769228
769188
769177
769056
768815
768780
768772
768698
768696
768653
768616
768521
768431
768305
768253
768244
767839
767765
767743
767511
767503
767272
767246
767206
767025
766881
766866
766686
766459
766442
766437
766099
766018
766011
765895
765855
765821
765820
765815
765767
765765
765543
765249
765140
765053
764759
764701
764623
764489
764390
764354
764279
764256
764221
764219
764000
763818
763807
763678
763665
763630
763613
763589
763543
763526
763517
763503
763402
763203
763170
763091
763068
763029
763023
763009
762866
762639
762604
762444
762418
762384
762256
762205
762157
762110
761994
761931
761592
761504
761471
761192
761064
761029
760940
760847
760648
760602
760574
760353
760284
760213
760185
759985
759784
759782
759719
759601
759561
759399
759276
759221
759156
759135
759114
759025
758993
758805
758796
758698
758468
758280
758231
758216
758074
758040
757910
757864
757625
757250
757240
757157
757105
757063
757017
756891
756632
756597
756557
756426
756402
756345
756227
756210
756080
755905
755737
755627
755555
755493
755467
755446
755315
755224
755125
755115
754892
754862
754794
754763
754669
754457
754338
754302
754281
754132
754120
754050
753814
753704
753396
753396
753366
753238
753189
753024
752916
752908
752832
752689
752272
752226
751870
751640
751605
751436
751236
751133
751061
751025
750983
750884
750865
750801
750760
750675
750670
750629
750602
750352
750275
750123
750089
749923
749857
749852
749601
749570
749279
749090
748674
748512
748472
748264
748026
748001
747869
747755
747699
747605
747543
747422
747341
747166
747045
747035
746954
746953
746858
746845
746793
746341
746236
746229
745985
745832
745823
745780
745773
745370
745269
745259
745138
744927
744838
744751
744484
744483
744178
744088
744064
743943
743882
743877
743834
743261
743179
743154
743101
743025
742703
742671
742631
742610
742485
742297
742253
742116
742066
742040
741872
741754
741378
741350
741086
741026
740693
740659
740586
740564
740507
740415
740252
740174
740131
739956
739825
739695
739654
739639
739207
739172
738946
738943
738794
738692
738659
738386
738343
738211
738137
738078
738050
737849
737698
737411
737345
737325
737139
737112
737066
736990
736895
736700
736609
736471
736395
736221
736220
736218
736167
735922
735916
735899
735795
735723
735696
735671
735544
735531
735478
735258
735202
735095
735070
735066
734920
734511
734223
734166
734126
733945
733879
733858
733739
733630
733624
733606
733591
733429
733371
733201
733115
732793
732735
732064
732024
732023
731993
731966
731862
731626
731597
731584
731283
731032
731005
730818
730554
730523
730342
730307
730220
730212
730066
729901
729534
729435
729397
729318
729264
729223
729154
729119
729080
729040
728959
728943
728916
728835
728748
728436
728393
728363
728190
728182
728156
728153
727936
727893
727860
727761
727729
727658
727592
727530
727284
726992
726981
726755
726516
726367
726365
726289
726136
725944
725753
725670
725654
725461
725426
725423
725272
725215
725186
725177
725129
725042
725039
725027
724940
724881
724739
724576
724558
724546
724482
724473
724441
724278
724169
723989
723978
723644
723605
723571
723500
723323
723290
723249
722955
722930
722870
722773
722735
722662
722644
722493
722254
722233
722220
722196
722177
722095
721764
721725
721692
721605
721437
721317
721282
721278
721218
721200
721197
721134
721010
720999
720910
720852
720834
720820
720762
720722
720622
720377
720333
720218
720068
719781
719775
719731
719691
719615
719525
719446
719331
719312
719244
719086
718818
718654
718648
718610
718586
718574
718458
718426
718414
718268
718262
718257
718022
717915
717835
717797
717658
717646
717486
717349
717337
717244
717185
717089
717020
717002
716738
716680
716643
716618
716562
716454
716307
716293
716153
716121
716071
715847
715843
715698
715660
715460
715387
715070
715015
714899
714878
714826
714777
714700
714630
714625
714520
714311
714257
714153
714102
714037
713739
713721
713554
713393
713152
713065
713020
712981
712897
712848
712847
712768
712733
712503
712492
712478
712462
712236
711970
711922
711845
711558
711235
711175
711015
710880
710872
710795
710780
710721
710642
710504
710503
710408
710336
710300
710218
709898
709847
709783
709683
709643
709642
709543
709525
709300
709249
709137
708916
708882
708755
708574
708556
708317
708184
708167
708150
708137
707971
707726
707612
707503
707121
706810
706780
706667
706578
706381
706375
706296
706127
706099
706095
705914
705888
705836
705714
705428
705292
705092
705034
704796
704761
704740
704655
704647
704523
704479
704369
704342
704338
703869
703631
703616
703611
703561
703265
703065
703062
703030
703028
702844
702815
702779
702695
702678
702668
702588
702572
702379
702355
702305
702285
702281
702229
701922
701866
701661
701442
701385
701344
701119
700966
700644
700342
700278
700209
700113
700081
700048
700021
699899
699851
699564
699370
699311
699283
699222
699205
699202
699134
699118
698907
698680
698676
698668
698667
698658
698604
698411
698172
697897
697880
697844
697690
697676
697654
697513
697439
697348
697239
697137
697113
697089
696928
696848
696768
696722
696474
696445
696182
696073
695885
695715
695665
695596
695563
695535
695533
695390
695375
695354
695266
695143
694954
694635
694542
694473
694293
694270
694207
694198
694091
693943
693892
693837
693601
693520
693435
693093
693088
693055
693035
692867
692720
692502
692417
691962
691962
691949
691749
691639
691546
691529
691511
691489
691436
691109
691049
690972
690926
690856
690476
690367
690250
690034
689976
689959
689899
689879
689866
689764
689469
689466
689311
689009
688814
688659
688643
688608
688602
688532
688406
688212
687911
687876
687703
687674
687525
687428
687397
687302
687285
687270
687237
687086
686940
686807
686753
686600
686583
686503
686356
686338
686196
685933
685909
685853
685802
685536
685297
685256
684993
684913
684875
684841
684733
684670
684630
684587
684561
684539
684354
684268
684171
684067
684010
683963
683857
683598
683506
683461
683184
683111
682657
682593
681916
681832
681831
681671
681552
681532
681258
681125
680686
680489
680402
680270
680113
679851
679772
679698
679653
679578
679417
679354
679105
679018
678976
678969
678969
678958
678661
678408
678275
678194
678175
678059
678054
677906
677608
677453
677443
677375
677367
677007
676708
676706
676698
676693
676657
676609
676410
676144
676078
676075
676074
676002
675935
675813
675793
675711
675644
675550
675496
675467
675441
675439
675392
675382
675032
675029
675007
674880
674832
674748
674742
674680
674496
674483
674313
674298
674290
674258
674145
674010
673893
673537
673505
673410
673165
673136
672905
672685
672675
672640
672474
672179
672165
672101
671867
671600
671524
671266
670999
670984
670918
670653
670607
670589
670492
670350
670266
669964
669960
669941
669939
669667
669541
669513
669444
669382
669094
669084
669050
669018
668888
668860
668799
668733
668596
668538
668431
668382
668364
668358
668324
668299
668205
668129
667860
667857
667834
667756
667691
667541
667507
667105
667058
666929
666758
666750
666689
666466
666372
666366
666323
666115
666080
665901
665797
665748
665460
665388
665374
665276
665197
665175
665114
665109
665060
665052
664867
664795
664771
664641
664292
664223
664194
663995
663840
663574
663569
663448
663392
663366
663366
663348
663341
663225
663056
663044
663027
662906
662808
662702
662593
662543
662532
662348
662242
662076
662034
661930
661815
661671
661662
661618
661505
661295
661211
661159
661066
660870
660855
660848
660780
660594
660558
660520
660493
660483
660403
660195
660028
659999
659948
659483
659449
659410
659257
659191
659141
659067
658968
658963
658785
658696
658445
658154
658109
657939
657685
657616
657512
657393
657382
656986
656973
656971
656966
656917
656901
656841
656733
656677
656557
656536
656303
656259
656086
655905
655792
655600
655581
655377
655214
655080
655029
654997
654972
654965
654910
654675
654657
654644
654582
654345
654325
654253
654136
653967
653948
653903
653745
653698
653681
653585
653536
653468
653374
653272
653260
653250
653112
652940
652688
652519
652482
652419
652365
652322
652304
652270
652078
651972
651909
651864
651773
651587
651456
651418
651388
651266
651240
651097
650990
650956
650833
650727
650715
650667
650524
650303
650257
649907
649877
649863
649831
649421
649329
649298
649264
649177
649074
649033
648817
648775
648524
648455
648180
648059
647969
647653
647634
647611
647424
647343
647103
646786
646731
646665
646544
646415
646147
646067
645877
645531
645345
645264
645238
645022
644991
644811
644722
644627
644559
644503
644502
644491
644490
644390
644387
644243
644199
644011
643916
643664
643633
643562
643489
643327
643320
643305
643278
643074
642882
642871
642822
642819
642375
642130
642056
642027
642016
641926
641781
641735
641728
641718
641312
641174
640993
640933
640895
640784
640750
640553
640474
640428
640323
640241
640241
640235
640164
640111
639917
639757
639461
639376
639260
639154
639123
639052
639042
639030
638679
638667
638577
638406
638108
638056
637775
637737
637599
637508
637405
637292
637214
636950
636833
636823
636756
636744
636611
636487
636428
636300
636126
636110
636010
635756
635565
635262
635090
634974
634960
634949
634545
634372
634328
633998
633866
633755
633710
633658
633489
633487
633442
633362
633273
633241
633227
633122
633082
633075
633057
633025
633012
633005
632878
632793
632754
632728
632671
632646
632629
632532
632216
632013
631734
631579
631389
631331
631216
631154
631112
630862
630607
630535
630495
630478
630373
630264
630063
630039
629948
629750
629441
629437
629302
629105
629086
629085
629078
628858
628853
628806
628791
628754
628730
628586
628117
628067
628025
627928
627814
627773
627728
627685
627312
627300
627161
627098
626976
626768
626563
626453
626320
626186
626090
626040
625919
625821
625715
625593
625542
625508
625476
625349
625273
625209
625070
624953
624912
624651
624607
624515
624310
624275
624256
624041
624015
623990
623892
623867
623821
623799
623585
623563
623542
623468
623332
623305
623289
623282
623119
623014
623012
622967
622926
622786
622523
622511
622498
622404
622401
622344
622232
622208
622157
621906
621841
621779
621678
621675
621655
621629
621629
621605
621582
621436
621317
621277
621229
621049
621026
620976
620942
620696
620686
620645
620630
620406
620364
620289
620248
620245
620189
620150
620068
620042
619820
619741
619601
619380
619242
619225
619134
619079
618998
618753
618659
618623
618522
618512
617993
617983
617781
617696
617691
617690
617650
617457
617290
617283
617203
617135
616923
616923
616877
616688
616654
616527
616492
616293
616240
616237
615849
615835
615830
615790
615762
615542
615491
615489
615413
615037
614867
614776
614775
614729
614476
614237
614159
614136
614088
614026
613965
613860
613765
613696
613689
613540
613441
613366
613264
613168
613001
612980
612919
612778
612513
612508
612444
612311
612171
612004
611887
611759
611513
611074
611004
610936
610277
610202
610179
610117
610067
610051
609816
609692
609655
609404
609402
609357
609332
609308
609297
609272
609267
609153
609137
608939
608792
608626
608524
608519
608474
608402
608380
608355
607806
607669
607629
607570
607522
607456
607214
607066
607032
606898
606877
606678
606640
606589
606562
606546
606315
606198
605953
605912
605888
605844
605835
605774
605758
605382
605317
605232
605194
605187
605068
604997
604947
604934
604821
604782
604750
604674
604501
604434
604301
604296
604281
604195
603901
603819
603544
603540
603236
603227
603114
603109
602971
602948
602741
602653
602638
602550
602403
602224
602165
602134
602006
601990
601760
601707
601667
601647
601483
601446
601273
601101
601075
601019
600939
600620
600605
600531
600389
600265
600198
600145
599843
599765
599654
599588
599583
599582
599506
599425
599298
599113
598954
598724
598717
598675
598506
598302
598295
598111
597825
597775
597733
597704
597413
597194
597009
596966
596864
596854
596801
596790
596773
596714
596613
596242
596215
596207
596161
596037
596035
595869
595855
595763
595742
595692
595661
595623
595429
595377
595355
595233
595218
595144
595139
595025
594898
594895
594857
594814
594701
594500
594475
594335
594307
594167
593862
593784
593572
593497
593398
593277
593271
593238
593166
593157
593114
593061
593028
593014
592927
592848
592831
592797
592780
592491
592350
592303
592290
592157
592097
591967
591881
591833
591735
591716
591632
591579
591377
591363
591343
591317
591303
591185
591154
591075
590948
590944
590918
590862
590686
589988
589986
589675
589518
589497
589468
589410
589202
589154
589122
589024
588893
588875
588803
588748
588631
588498
588410
588271
588220
588064
587903
587889
587873
587790
587747
587741
587502
587497
587456
587265
587244
587224
587135
586982
586721
586236
586148
586143
586135
586070
585916
585912
585802
585771
585597
585589
585497
585441
585420
585392
585130
585075
584953
584901
584896
584886
584842
584821
584686
584668
584656
584635
584607
584489
584068
584062
583776
583773
583764
583757
583748
583658
583612
583545
583513
583472
583368
583331
583225
583104
582952
582921
582868
582827
582597
582493
582430
582351
582346
582231
582046
581992
581976
581883
581874
581836
581803
581689
581682
581398
581256
581079
581006
580981
580913
580880
580711
580668
580646
580548
580440
580353
580287
580099
579961
579950
579704
579498
579348
579324
579273
579210
578994
578957
578928
578665
578649
578613
578234
578176
578142
578021
577928
577685
577588
577420
577370
577312
577260
577208
577033
576838
576755
576709
576619
576525
576507
576457
576270
576250
576237
576152
576000
575970
575904
575890
575858
575814
575738
575392
575379
575362
575263
575220
575204
575182
575074
574985
574985
574651
574636
574494
574490
574404
574352
574346
574324
574258
574170
574034
573812
573756
573656
573606
573588
573507
573416
573328
573305
573011
572906
572830
572707
572681
572678
572548
572371
572175
572052
571883
571810
571791
571684
571646
571291
571174
571111
570758
570677
570629
570586
570407
570367
570249
569656
569644
569523
569507
569500
569484
569345
569326
569168
569109
569035
568911
568721
568713
568620
568587
568537
568282
568280
567981
567868
567574
567167
566951
566875
566642
566516
566512
565978
565966
565959
565949
565691
565516
565319
565312
565243
565142
564965
564925
564834
564690
564664
564664
564527
564465
563912
563908
563873
563642
563542
563441
563320
563271
563267
562981
562836
562833
562822
562721
562713
562317
562310
562124
562122
561912
561770
561184
561158
561145
561079
561005
560670
560603
560602
560535
560464
560343
560227
560085
560029
559940
559940
559829
559658
559580
559515
559366
559208
559201
559140
558909
558619
558385
558217
557994
557960
557923
557740
557718
557692
557614
557588
557579
557473
557317
557276
557230
557054
556803
556662
556655
556637
556558
556383
556331
556307
556240
556199
556096
556086
555948
555936
555892
555770
555740
555726
555540
555483
555476
555348
555140
554901
554874
554719
554643
554592
554590
554377
554157
554075
554050
553576
553524
553160
553119
553111
552954
552859
552850
552843
552822
552812
552744
552669
552648
552607
552594
552560
552473
552260
552199
552066
551932
551885
551661
551598
551493
551408
551331
551284
551263
551193
551132
551053
550943
550846
550779
550711
550654
550552
550518
550403
550336
550257
550222
549877
549870
549774
549713
549585
549509
549441
549438
549412
549317
549259
549034
548992
548928
548926
548902
548767
548505
548436
548097
548054
547685
547601
547539
547454
547408
547352
547289
547112
547026
547018
546958
546910
546764
546464
546307
546255
546149
546059
546057
546025
545975
545966
545792
545755
545743
545513
545487
545479
545418
545306
545145
544991
544400
544322
544246
543715
543586
543373
543213
543129
543120
543015
542767
542670
542509
542387
542377
542365
542340
542064
542046
541923
541842
541314
541150
541005
540997
540882
540784
540646
540605
540531
540517
540425
540374
540321
540081
540063
540053
540029
539938
539933
539895
539855
539760
539527
539367
539295
539198
539025
538995
538779
538657
538645
538474
538462
538302
538139
538113
537961
537939
537738
537714
537685
537511
537418
537392
537360
537184
536998
536962
536907
536876
536424
536209
535793
535582
535521
535513
535494
535423
535398
535362
535191
535149
535093
534984
534692
534664
534513
534501
534269
534046
534044
533954
533675
533377
533313
533298
533288
533284
533241
533171
533002
532873
532838
532681
532650
532626
532466
532345
532333
532289
532227
532019
531593
531590
531532
531398
531376
531281
531163
531147
531069
531041
530990
530970
530969
530866
530826
530745
530566
530532
530471
530346
530219
530206
530143
530112
530103
530053
529992
529955
529919
529912
529885
529773
529546
529341
529142
529138
529068
528799
528693
528509
528486
528480
528369
528360
528273
528258
528099
527926
527865
527723
527508
527496
527238
527209
527203
527127
526904
526562
526441
526332
526211
526124
526123
526112
525919
525525
525456
525275
525254
525222
525166
525125
525110
525088
524959
524881
524861
524579
524487
524159
524073
523999
523992
523851
523838
523438
523393
523352
523345
523291
523063
522960
522898
522844
522781
522750
522612
522575
522531
522400
522268
522200
522118
521990
521894
521745
521681
521538
521472
521351
521052
520962
520603
520350
520237
519990
519887
519723
519707
519588
519471
519461
519390
519351
519161
519158
519062
518934
518921
518672
518591
518393
517939
517869
517735
517732
517687
517645
517553
517549
517444
517421
517399
517212
517198
517097
517080
516938
516916
516702
516592
516573
516412
516368
516282
516225
516027
515939
515871
515671
515437
515402
515380
515345
515326
515228
514915
514883
514852
514837
514670
514564
514561
514520
513949
513906
513905
513782
513447
513414
513239
512839
512455
512423
512234
512069
511831
511596
511482
511476
511413
511282
511135
511060
510917
510868
510750
510659
510585
510580
510310
510060
509950
509945
509939
509832
509831
509826
509734
509575
509520
509487
509475
509327
509317
509091
508963
508932
508920
508895
508800
508792
508548
508519
508417
508326
508202
508190
508029
507987
507678
507526
507508
507475
507410
507255
507202
507202
507200
507191
507119
507067
507012
506916
506752
506728
506499
506456
506401
506295
506225
506192
506192
506154
506139
506082
506046
505895
505885
505716
505472
505321
505318
505311
505235
505107
505085
504730
504705
504631
504560
504428
504391
504388
504252
503982
503688
503646
503542
503498
503408
503390
503096
503043
503021
502959
502948
502930
502910
502794
502722
502618
502617
502586
502391
502342
502291
501973
501592
501261
501240
501063
500840
500824
500787
500713
500294
500291
500228
500037
499942
499741
499726
499579
499456
499294
499281
499275
498952
498847
498819
498792
498742
498639
498625
498189
498158
497959
497828
497774
497762
497739
497450
497083
497064
497011
496947
496899
496768
496424
496420
496375
496323
496248
496132
496058
496032
495902
495695
495659
495603
495498
495392
495346
495281
495271
494845
494797
494571
494535
494502
494473
494280
494168
494159
494101
494017
493974
493913
493790
493790
493735
493733
493727
493528
493354
493297
493190
493180
493077
492667
492660
492563
492542
492314
492295
492291
492149
492148
492028
492024
492013
491801
491564
491392
491147
491080
490916
490893
490883
490811
490613
490553
490552
490521
490426
490352
490282
490270
489988
489909
489876
489837
489825
489771
489510
489480
489360
489331
489302
488904
488900
488860
488847
488825
488761
488680
488665
488658
488540
488516
488399
488381
488313
488202
488089
488042
487990
487961
487935
487918
487904
487876
487715
487714
487366
487124
487062
487062
486931
486701
486632
486621
486596
486592
486557
486553
486541
485979
485910
485894
485865
485822
485774
485631
485607
485522
485518
485321
485243
485106
485052
485023
484683
484500
484396
484319
484244
484186
484109
484035
483871
483870
483766
483758
483673
483664
483616
483444
483425
483414
483404
482912
482897
482850
482740
482724
482617
482471
482397
482396
482208
482175
482114
481996
481982
481928
481904
481890
481889
481852
481723
481691
481606
481403
481341
481271
481105
481071
481030
480970
480776
480600
480501
480478
480104
479750
479732
479593
479588
479568
479525
479457
479378
479255
479093
479013
478886
478854
478740
478732
478686
478541
478474
478432
478239
478193
477982
477979
477905
477806
477805
477516
477457
477311
477193
477073
476968
476906
476893
476813
476799
476707
476581
476527
476359
476166
476106
475940
475870
475863
475668
475641
475438
475407
475403
475305
475229
475048
474947
474939
474836
474789
474668
474407
474381
474209
474200
474071
473916
473894
473858
473755
473749
473744
473721
473404
472942
472937
472865
472830
472793
472749
472746
472640
472230
472096
472043
471983
471873
471742
471631
471603
471441
471201
471083
470728
470696
470518
470488
470443
470313
470278
470053
470021
469932
469818
469791
469716
469579
469518
469504
469395
469340
469134
468727
468647
468643
468598
468596
468595
468304
468300
468203
468059
467765
467700
467684
467445
467332
467287
467240
467169
467093
466969
466948
466923
466916
466792
466639
466600
466502
466451
466365
466346
466155
466060
466007
465988
465861
465625
465571
465433
465399
465393
465244
465115
464988
464779
464720
464596
464505
464395
464347
464094
464063
463940
463881
463856
463843
463684
463590
463453
463263
463205
463190
463187
463022
462953
462931
462869
462858
462636
462602
462562
462339
462172
462066
462014
461969
461781
461649
461625
461465
461415
461396
461196
461187
461182
461182
460969
460901
460826
460699
460656
460565
460523
460482
460469
460356
460346
460175
460129
460124
459966
459924
459656
459581
459549
459437
459316
459020
458693
458462
458327
458299
458194
458108
458029
457973
457865
457813
457772
457760
457739
457714
457448
457352
457347
457267
457262
457220
457190
456970
456868
456834
456735
456669
456621
456616
456608
456502
456446
456300
456174
456145
456078
456041
455427
455406
455337
455317
455134
455111
455052
454998
454870
454824
454789
454624
454610
454459
454419
454391
454205
454131
454035
453945
453903
453867
453581
453505
453504
453058
453034
452960
452951
452896
452820
452792
452735
452727
452681
452667
452594
452166
452114
452081
451992
451973
451942
451821
451802
451738
451716
451689
451561
451491
451369
451304
450979
450964
450888
450700
450645
450283
450280
450252
450249
450180
449946
449918
449335
449272
449181
449020
449015
448939
448911
448799
448795
448502
448464
448407
448374
448369
448333
448201
448081
447884
447826
447738
447719
447716
447646
447332
447316
447288
447126
446934
446861
446702
446645
446422
446379
446191
445897
445747
445563
445522
445516
445512
445422
445248
444937
444782
444306
444302
444248
444227
444217
443967
443945
443821
443773
443572
443561
443558
443406
443353
443121
443108
443094
443011
442960
442822
442720
442532
442472
442373
442310
442248
442024
442023
441925
441905
441857
441851
441769
441531
441437
441381
441343
441251
441193
441046
440769
440749
440586
440395
440227
440016
439930
439822
439789
439702
439540
439513
439477
439085
439057
438744
438690
438591
438579
438476
438351
438342
438288
438004
437887
437879
437699
437585
437442
437380
437364
437237
437222
436755
436751
436748
436723
436710
436677
436579
436445
436374
436306
436197
436177
436172
436133
436119
435969
435878
435756
435647
435581
435575
435495
435452
435297
435268
435265
435218
435195
435079
434790
434777
434763
434679
434600
434461
434064
433989
433965
433892
433825
433535
433427
433421
433415
433381
432937
432921
432733
432588
432465
432325
432233
432186
432178
432101
431835
431830
431788
431686
431623
431586
431568
431371
431147
431145
431096
431057
430996
430909
430865
430779
430350
430312
430157
430021
429890
429856
429395
429393
429361
429305
429303
429285
429093
429016
428977
428776
428732
428570
428553
428302
428259
428228
428132
428122
428059
428056
427961
427814
427743
427700
427699
427624
427457
427407
427371
427258
427213
427020
426879
426850
426695
426680
426541
426506
426412
426376
426220
426204
426198
426142
425795
425624
425562
425558
425429
425356
425349
425308
425288
425263
425201
425168
425090
425056
424869
424815
424659
424644
424613
424560
424416
424415
424399
424236
424013
423868
423718
423697
423518
423308
423070
423058
422986
422685
422630
422501
422413
422405
422351
422285
422116
422114
422101
422038
421936
421897
421870
421678
421522
421494
421199
421091
421043
420943
420913
420913
420802
420786
420764
420712
420615
420279
420209
420129
420106
420073
419996
419727
419690
419634
419462
419336
419288
419114
418969
418930
418747
418721
418613
418428
418270
418083
418064
418004
417901
417814
417681
417400
417246
417146
417073
416897
416893
416825
416729
416444
416129
415948
415942
415910
415873
415480
415259
415256
415219
415062
414978
414940
414928
414721
414624
414624
414462
414393
414335
414217
414202
414066
413959
413886
413823
413413
413217
413188
413186
413070
412992
412980
412948
412871
412747
412642
412582
412497
412434
412428
412411
412411
412344
412311
412245
412230
412063
412033
412020
411895
411793
411726
411705
411613
411582
411418
411370
411326
411239
411200
410852
410841
410837
410771
410701
410668
410566
410564
410447
410416
410318
410287
410284
410252
410215
410083
410072
410010
409912
409758
409752
409707
409694
409676
409667
409479
409407
409377
409341
409322
409304
409260
409201
408995
408926
408747
408704
408634
408548
408426
408319
408269
408256
407765
407737
407717
407712
407701
407701
407644
407583
407028
406932
406929
406897
406896
406647
406405
406343
406307
406281
406171
406054
406010
405654
405519
405485
405369
405308
405118
405008
404978
404852
404791
404716
404592
404582
404556
404545
404540
404531
404483
404470
404403
404361
404224
403787
403713
403693
403636
403341
403195
403148
402880
402742
402609
402540
402398
402271
402265
402183
402132
402109
402036
401949
401840
401489
401484
401480
401475
401233
401119
400914
400811
400579
400337
400002
399941
399823
399688
399582
399537
399478
399216
399065
398982
398801
398679
398614
397960
397925
397740
397525
397524
397371
397319
397300
397162
397121
397110
397076
396929
396853
396682
396641
396542
396536
396341
396270
396122
396062
395908
395897
395852
395837
395786
395393
395349
395220
395040
395015
395003
394829
394827
394797
394707
394223
394143
393966
393866
393841
393767
393686
393682
393614
393600
393566
393556
393076
393014
392982
392857
392704
392542
392518
392515
392336
392320
392070
391715
391653
391619
391459
391315
391305
391304
391183
391133
391037
390916
390707
390561
390332
390142
390073
390026
390010
389930
389817
389559
389468
389445
389290
389187
389174
389062
388850
388670
388653
388651
388624
388609
388561
388288
388256
388176
388162
388047
387995
387945
387705
387687
387519
387454
387355
387326
387266
387266
387121
386985
386939
386935
386794
386755
386723
386607
386455
386431
386278
386205
386177
386176
386148
386025
385984
385792
385714
385628
385614
385552
385281
385252
384947
384943
384776
384737
384730
384667
384581
384574
384506
384479
384022
383999
383712
383599
383588
383572
383568
383468
383426
383120
383053
383035
382957
382948
382917
382914
382854
382825
382816
382784
382580
382539
382114
382011
382003
381942
381912
381649
381600
381452
381335
381153
381121
380878
380839
380821
380794
380780
380757
380721
380660
380408
380368
380143
380062
380002
379986
379778
379766
379675
379459
379411
379346
379114
378996
378972
378945
378907
378791
378715
378472
378462
378393
378325
378270
378242
378202
378185
378131
378076
377954
377940
377934
377838
377745
377638
377405
377335
377327
377313
377242
377212
377202
377178
377109
376892
376753
376474
376457
376213
376184
376140
376099
375896
375887
375826
375698
375507
375404
375255
375120
375090
375059
375035
375032
375017
374941
374935
374855
374828
374809
374795
374780
374767
374762
374706
374572
374532
374172
374102
373823
373765
373385
373159
373156
373139
373055
373031
372840
372710
372597
372526
372238
371798
371791
371689
371634
371545
371254
371211
371149
371110
370982
370953
370942
370854
370503
370502
370348
370311
370164
369975
369800
369738
369607
369603
369440
369404
369375
369367
369332
369329
369310
369278
369227
369210
369160
368981
368738
368658
368529
368507
368207
368186
368152
367874
367762
367495
367475
367424
367370
367259
367120
367017
366895
366881
366723
366430
366417
366352
366203
366188
366149
365839
365717
365594
365565
365521
365375
364850
364690
364670
364261
364028
364025
364012
363938
363769
363738
363585
363499
363350
363164
363068
363007
362969
362649
362321
362178
362062
362023
361863
361313
361295
361283
361108
361007
360830
360797
360774
360589
360459
360396
360364
360117
360062
360044
359974
359945
359896
359870
359705
359640
359611
359310
359303
359220
359056
359053
359045
358893
358812
358710
358651
358592
358554
358493
358452
358444
358378
358246
358006
357953
357943
357887
357826
357780
357772
357435
357275
357193
357136
356913
356801
356492
356342
356316
356246
356055
355888
355868
355867
355820
355784
355772
355752
355738
355704
355445
355209
355178
355084
354994
354952
354900
354891
354879
354818
354772
354740
354628
354337
354329
354299
354270
354270
354074
353537
353368
353200
353100
353094
353064
353042
353020
352824
352821
352668
352231
352219
351929
351560
351514
351500
351416
351274
351156
351065
351019
351001
350877
350874
350853
350677
350609
350391
350352
350279
350106
350010
349952
349901
349770
349742
349722
349514
349432
349385
349355
349337
349272
349176
349133
349025
348967
348906
348847
348689
348619
348550
348451
348387
348265
348218
348171
348118
348062
347942
347739
347715
347654
347473
347363
347285
347144
346937
346922
346913
346761
346737
346711
346599
346527
346462
346452
346226
346212
346079
346078
346049
345971
345832
345668
345614
345557
345510
345497
345453
345303
345271
345191
345115
344923
344907
344894
344818
344792
344764
344626
344610
344601
344552
344526
344504
344479
344462
344389
344358
344344
344300
344289
344289
344272
344271
344123
344077
344072
344069
343662
343644
343610
343484
343366
343334
343247
343226
343207
343063
342903
342803
342715
342655
342620
342589
342546
342499
341953
341756
341704
341687
341643
341641
341494
341286
341235
341157
340999
340922
340850
340235
340053
339973
339894
339852
339812
339723
339604
339501
339346
339205
339128
339110
338893
338742
338649
338380
338368
338364
338320
338224
338165
338147
338129
337900
337576
337527
337501
337375
337318
337208
337179
337156
337033
336998
336792
336649
336246
335870
335839
335839
335769
335641
335568
335479
335277
335256
335191
335042
334831
334807
334729
334652
334645
334628
334237
334234
334089
334071
333555
333452
333414
333341
333232
333107
333074
332975
332957
332951
332810
332709
332650
332570
332508
332438
332411
332383
332340
332065
331954
331720
331712
331668
331578
331571
331513
331460
331432
331197
331145
331099
331095
330962
330945
330925
330825
330815
330730
330724
330680
330677
330596
330588
330525
330428
330355
330285
330204
329803
329681
329658
329648
329602
329592
329573
329429
329404
329394
329366
329333
329278
329230
329210
329159
329070
328819
328766
328732
328710
328624
328478
328437
328381
328317
328283
328272
328267
328100
328036
327945
327640
327613
327453
327134
327062
327013
326991
326863
326790
326661
326642
326597
326591
326539
326512
326282
326267
326212
326193
326105
326057
325959
325914
325688
325681
325429
325211
325103
324996
324930
324872
324848
324767
324655
324627
324379
324223
323891
323805
323538
323437
323289
323056
323054
323049
322895
322856
322811
322757
322732
322233
322019
321722
321686
321667
321592
321369
321252
321202
321024
321011
320993
320956
320933
320882
320390
320281
320243
320227
320179
320172
320078
320048
319824
319583
319498
319470
319440
319313
319290
319024
318903
318762
318705
318675
318492
318489
318465
318352
318142
318097
317964
317858
317810
317687
317684
317677
317652
317407
317316
317238
317227
316973
316895
316836
316697
316690
316663
316387
316381
316334
316295
316216
315995
315921
315865
315703
315669
315628
315508
315400
315211
315154
315139
314890
314585
314547
314494
314484
314433
314377
314360
314285
314264
314248
314227
314042
314036
313999
313994
313900
313898
313877
313684
313634
313474
313444
313379
313286
312907
312745
312641
312592
312027
312002
311923
311806
311765
311742
311684
311652
311591
311531
311392
311372
310967
310951
310878
310786
310748
310727
310678
310673
310634
310570
310332
310295
310221
310214
310138
309915
309676
309614
309598
309590
309483
309386
309244
309232
309179
309077
308932
308789
308630
308518
308380
308225
308204
308184
308133
308065
308012
307977
307958
307828
307715
307635
307607
307559
307544
307379
307335
307291
307260
307083
307019
307014
306925
306923
306821
306791
306652
306584
306558
306498
306476
306343
306291
306196
306151
306046
306029
305930
305867
305696
305497
305465
305414
305401
305359
305352
305222
305087
304686
304621
304564
304479
304284
304235
304097
304030
303925
303914
303885
303882
303405
303337
303326
303214
303132
303110
303045
303011
302995
302900
302847
302774
302770
302196
302153
302133
302109
301944
301798
301740
301739
301702
301661
301648
301610
301594
301571
301528
301488
301321
301296
301261
301213
301148
301042
300971
300828
300777
300703
300440
300165
300158
300112
300021
299950
299882
299806
299774
299725
299723
299723
299719
299690
299600
299444
299334
299220
299153
299140
299041
299001
298758
298740
298712
298479
298436
298408
298401
298251
298106
297785
297422
297370
297330
297248
297197
297156
297140
297049
297042
296738
296626
296595
296567
296241
296229
296218
296116
296045
296020
295912
295901
295825
295824
295805
295796
295651
295637
295547
295514
295423
295345
295297
295213
295189
295120
295105
295090
294806
294719
294576
294532
294525
294451
294429
294261
293938
293928
293871
293617
293602
293364
293179
293124
292914
292802
292791
292738
292691
292671
292629
292613
292589
292547
292327
292183
292158
292034
292032
291965
291928
291862
291736
291699
291556
291210
291017
290925
290786
290585
290575
290565
290433
290337
290231
290223
289883
289697
289587
289500
289474
289474
289442
289253
289196
289160
288861
288224
287926
287756
287713
287708
287444
287390
287368
287359
287333
287321
287174
287170
287078
287029
286992
286989
286962
286858
286798
286618
286322
286185
286153
286128
286051
286010
285988
285945
285941
285618
285610
285599
285421
285326
285113
285063
284979
284945
284889
284682
284450
284262
284047
283904
283745
283739
283626
283327
283188
283049
283021
283003
282946
282872
282862
282758
282693
282562
282449
282384
282382
282111
282068
281896
281870
281812
281554
281527
281455
281212
281031
280751
280605
280542
280524
280323
280163
280158
280021
279873
279830
279674
279639
279637
279409
279393
279266
279113
279113
279088
278953
278817
278439
278358
278263
278249
277994
277989
277759
277710
277596
277512
277373
277164
277048
277034
276550
276292
275921
275858
275811
275798
275784
275670
275473
275393
275308
275161
275121
275085
274995
274774
274684
274608
274546
274318
274293
274116
274071
274049
273878
273835
273731
273726
273609
273454
273372
273216
273032
273000
272997
272922
272919
272886
272824
272774
272701
272680
272644
272602
272284
272184
272129
272062
272044
271804
271784
271724
271707
271671
271627
271518
271081
271044
270890
270835
270755
270659
270419
270301
270164
270039
269914
269816
269695
269343
269239
269164
269090
268803
268769
268730
268726
268652
268580
268549
268532
268375
268322
268308
268277
268242
268223
268146
267697
267678
267670
267640
267631
267542
267470
267322
267253
267250
266991
266947
266801
266686
266631
266504
266017
265774
265711
265643
265455
265337
265307
265207
265203
265175
265161
265130
265106
265008
264978
264968
264844
264712
264505
264395
263886
263821
263733
263481
263480
263437
263322
263305
263248
263092
263086
262917
262481
262341
262151
262140
262112
262095
261915
261885
261753
261415
261361
261299
261278
261240
261212
261198
261169
260789
260627
260596
260524
260378
260238
260231
260162
260150
260127
260077
259709
259645
259535
259515
259484
259445
259234
259211
259110
259069
259025
258844
258823
258815
258723
258693
258228
258124
257727
257530
257363
257292
257217
257183
257050
256986
256950
256818
256652
256463
256324
256222
256192
256067
256001
255948
255894
255839
255806
255605
255562
255551
255543
255537
255137
255010
254802
254795
254744
254564
254502
254325
254283
254187
253844
253559
253526
253504
253427
253317
253240
253149
252870
252616
252549
252533
252409
252395
252280
251992
251894
251657
251636
251389
251261
251150
251045
250701
250674
250596
250546
250258
250242
250182
249893
249838
249801
249658
249653
249400
249149
249135
248982
248893
248860
248850
248792
248577
248442
248280
248267
248230
248182
247919
247799
247754
247681
247642
247544
247481
247426
247363
247333
247288
247247
247244
247197
247142
247081
246791
246714
246231
245834
245667
245596
245580
245518
245487
245481
245448
245442
245350
245240
245238
245066
245054
245053
244997
244883
244783
244751
244620
244590
244516
244515
244336
244321
244261
244224
244123
243985
243881
243855
243737
243608
243556
243461
243371
243329
243185
243090
242976
242915
242840
242762
242582
242497
242429
242415
242116
242003
241918
241905
241693
241683
241665
241577
241535
241331
241247
241232
241033
241027
240834
240790
240760
240744
240551
240486
240293
240279
240241
240199
240095
240017
239953
239948
239875
239861
239849
239727
239663
239549
239520
239506
239460
239313
238889
238661
238612
238598
238459
238324
238223
238034
237846
237448
237408
237383
237338
237289
237257
236851
236783
236626
236625
236546
236534
236523
236508
236385
236350
236308
236297
236269
236163
236133
236125
236093
236074
235989
235754
235720
235662
235542
235527
235465
235247
235165
235148
235093
235088
235069
235068
235047
235039
234811
234676
234447
234389
234332
234303
234250
234234
234161
234073
234002
233988
233947
233731
233681
233649
233295
233270
233114
233006
232987
232957
232950
232898
232808
232766
232561
232551
232500
232375
232360
232329
231965
231778
231639
231631
231528
231452
231430
231374
231340
231294
231212
231163
230852
230720
230608
230258
230154
230028
229890
229817
229811
229773
229655
229649
229344
229157
229116
228859
228770
228753
228751
228619
228497
228413
228363
228288
228281
228251
228239
228231
228067
228037
227924
227889
227844
227733
227645
227632
227547
227493
227448
227379
227368
227359
227324
227259
227248
227140
226959
226913
226892
226797
226645
226551
226507
226450
226414
226401
226306
226291
226258
226095
226037
226013
225952
225919
225907
225774
225760
225708
225618
225608
225307
225301
225234
225176
224808
224673
224656
224518
224476
224379
224274
224257
224204
224174
224117
224043
223935
223873
223376
223073
222971
222941
222762
222725
222621
222612
222505
222432
222165
222048
221849
221844
221728
221724
221721
221684
221671
221258
221250
221194
221165
221071
221034
221026
221003
220989
220893
220884
220616
220564
220543
220348
220341
220259
220184
220168
219535
219534
219524
219448
219152
219064
219050
219014
218930
218786
218510
218376
218325
217897
217858
217765
217740
217726
217539
217469
217374
217287
217176
217047
216756
216721
216705
216585
216515
216474
216328
216131
215973
215856
215852
215843
215822
215621
215608
215504
215430
215427
215340
215053
214839
214791
214694
214516
214338
214236
214222
214195
214154
213876
213769
213768
213547
213519
213484
213462
213170
213132
213055
213051
212993
212838
212800
212777
212670
212341
212272
212070
211973
211904
211792
211657
211563
211364
211325
211289
211261
210965
210889
210796
210460
210303
210216
210189
210126
210092
210089
209900
209814
209774
209729
209711
209665
209504
209434
209381
209334
209066
209008
208851
208806
208706
208669
208602
208236
208075
208067
207905
207882
207788
207588
207571
207471
207253
207240
207225
207139
207077
207009
206839
206429
206366
206149
205910
205881
205651
205577
205378
205374
205325
205251
205233
205110
204750
204731
204673
204662
204648
204622
204620
204602
204562
204396
204251
204178
204114
204100
204097
204054
204042
203830
203808
203797
203768
203659
203477
203366
203358
203179
203135
203103
202873
202780
202736
202565
202494
202489
202409
202240
202135
202128
202063
202009
201843
201706
201700
201520
201510
201297
201255
201208
201079
200813
200645
200510
200408
200206
200188
200151
200036
199991
199862
199862
199860
199690
199653
199568
199415
199189
198947
198842
198813
198791
198753
198611
198527
198509
198140
198094
198093
198070
197909
197884
197867
197832
197801
197583
197553
197499
197465
197306
197268
197027
196928
196880
196638
196468
196405
196319
196255
196188
196131
196094
196070
195864
195845
195654
195569
194974
194868
194840
194787
194712
194693
194520
194476
194425
194375
194286
194159
194065
193973
193941
193869
193821
193580
192925
192882
192764
192680
192601
192511
192500
192455
192378
192342
192301
192235
192151
192137
192087
191987
191977
191939
191914
191757
191705
191666
191650
191442
191397
191219
191180
191117
190887
190525
190502
190424
190417
190329
190321
190190
190014
189968
189806
189540
189534
189509
189440
189392
188979
188948
188880
188563
188426
188410
188179
187980
187890
187785
187774
187353
187290
187147
186889
186785
186751
186276
186249
186124
186110
185888
185834
185788
185711
185599
185503
185459
185170
185145
185085
184909
184891
184754
184654
184645
184506
184409
184362
184272
184126
184089
184085
183845
183802
183796
183315
183304
183230
183129
182960
182948
182896
182885
182753
182617
182381
182204
182128
182068
181975
181869
181841
181625
181547
181514
181437
181258
181233
181135
180949
180793
180637
180467
180322
180206
180111
179929
179895
179444
179432
179417
179355
179329
179305
179199
178792
178783
178564
178528
178435
178350
178323
178255
178252
178129
178058
178046
178015
177923
177863
177804
177767
177681
177672
177632
177466
177365
177191
177022
177003
176984
176890
176777
176329
176211
176096
175842
175813
175684
175461
175324
175178
175119
175005
174647
174597
174564
174495
174425
174197
174153
173923
173803
173737
173708
173690
173497
173355
173326
173314
173247
172789
172678
172445
172402
172054
171979
171924
171713
171669
171552
171526
171495
171327
171188
171106
171035
170835
170595
170458
170367
170167
169914
169729
169729
169668
169530
169426
169256
169193
169105
169056
169008
168952
168924
168867
168657
168626
168262
168185
168120
168036
167947
167302
167194
167089
167042
166912
166887
166478
166364
166204
166133
165976
165963
165868
165752
165701
165625
165528
165477
165425
165385
165343
165308
165297
165236
165044
164881
164743
164436
164402
164401
164358
164035
163975
163917
163681
163661
163581
163488
163373
163229
163164
163024
162955
162926
162897
162889
162836
162769
162643
162624
162451
162410
162321
162280
162265
162195
162110
161673
161667
161664
161528
161527
161464
161399
161244
161155
161099
161089
160968
160936
160872
160687
160670
160669
160657
160487
160326
160211
160135
160104
159942
159599
159435
159392
159387
159306
159000
158991
158753
158745
158714
158626
158573
158431
158309
158186
158139
158124
157908
157894
157774
157562
157520
157511
157496
157421
157365
157001
156995
156956
156916
156839
156817
156816
156799
156690
156496
156474
156432
156209
155976
155968
155955
155890
155886
155822
155809
155783
155727
155710
155597
155585
155491
155428
155159
155150
155137
155111
154811
154673
154624
154539
154281
154029
153877
153870
153759
153670
153626
153317
153110
153011
152913
152750
152716
152667
152577
152568
152316
152230
152191
152153
152072
151996
151915
151786
151771
151754
151739
151722
151472
151450
151353
151291
151268
151181
151081
151059
150943
150762
150255
150140
149886
149782
149690
149638
149621
149398
149279
149241
149125
149093
149077
149042
149034
149000
148796
148781
148662
148601
148354
148233
148122
148085
148027
147963
147805
147737
147559
147488
147194
147178
147172
147087
147037
146972
146915
146852
146751
146705
146685
146594
146543
146507
146484
146385
146380
146367
146197
146174
145976
145556
145342
145289
145192
145185
145162
145085
145028
144885
144808
144755
144714
144676
144547
144547
144539
144532
144483
144459
144427
144349
144338
144238
144230
144193
144143
143994
143986
143768
143760
143624
143621
143589
143456
143221
143130
143056
143056
143044
143013
142909
142807
142793
142573
142565
142486
142156
142053
141870
141859
141649
141628
141603
141576
141491
141432
141140
141093
140984
140977
140897
140864
140562
140336
140199
140149
140045
139983
139953
139927
139897
139868
139512
139432
139219
139154
139053
138981
138955
138742
138701
138625
138598
138481
138377
138313
138074
138061
138012
137950
137928
137462
137382
137289
137254
137085
137079
136468
136381
136365
136277
136165
136119
136033
135916
135911
135869
135837
135798
135716
135652
135644
135569
135554
135316
135296
135217
135086
134701
134511
134251
134233
134113
133914
133868
133756
133483
133360
132819
132703
132604
132585
132353
132316
132080
132065
132035
131832
131634
131622
131581
131580
131553
131492
131382
131372
131289
131236
131208
131165
131108
130992
130809
130459
130386
130360
130348
130228
130228
130149
130008
129908
129826
129781
129328
129320
129185
128910
128774
128760
128502
128312
128252
128249
128178
128066
127928
127890
127770
127427
127175
127055
127053
126820
126692
126649
126645
126568
126280
125903
125802
125685
125619
125555
125538
125462
125325
125214
125087
124918
124800
124756
124641
124437
124406
124405
124374
124241
124183
124075
124021
123904
123814
123683
123647
123602
123597
123495
123410
123349
122781
122636
122264
122141
122119
122090
122087
121948
121916
121910
121839
121780
121600
121588
121571
121523
121409
121322
121117
121002
120809
120685
120685
120645
120482
120435
120434
120101
120077
120032
119980
119856
119507
119454
119350
119268
119204
119183
119126
119070
119044
118966
118916
118879
118847
118793
118742
118669
118603
118575
118534
118483
118332
118084
118060
118011
117961
117920
117670
117528
117404
117329
117325
117279
117256
117237
117221
117102
117082
116786
116608
116248
115833
115821
115724
115701
115683
115627
115517
115441
115428
115193
115100
114924
114821
114793
114788
114632
114551
114500
114461
114352
114235
114212
113900
113857
113722
113638
113621
113463
113435
113428
113392
113387
113384
113333
113195
113181
113072
113015
113007
112995
112790
112698
112646
112577
112397
112374
112367
112133
111967
111932
111881
111779
111749
111742
111730
111570
111565
111130
110870
110542
110488
110481
110445
110377
110069
109908
109843
109827
109721
109699
109658
109626
109334
109333
109321
109295
109231
109224
109163
109146
108991
108517
108288
108212
107945
107822
107779
107757
107584
107562
107544
107480
107432
107426
107374
107352
107309
107305
107097
107001
106668
106655
106563
106530
106320
106165
106119
106076
106065
105922
105710
105668
105322
105058
104927
104855
104645
104556
104351
104330
104292
104009
103786
103512
103287
103263
103209
102933
102906
102854
102589
102562
102539
102269
102054
101979
101934
101761
101600
101398
101342
101328
101251
101150
100934
100861
100833
100800
100679
100596
100372
100111
100070
100044
99991
99832
99832
99757
99690
99605
99464
99423
99401
99385
99155
99104
99098
99074
99056
98905
98873
98861
98711
98608
98593
98448
98416
98230
98166
97997
97984
97946
97925
97687
97657
97573
97538
97477
97158
97106
96947
96905
96904
96509
95962
95890
95786
95615
95485
95446
95389
95371
95242
95236
95232
94568
94489
94488
94472
94122
94122
94118
94016
93973
93777
93753
93645
93582
93272
93265
93265
93234
93200
93198
93192
93125
93061
92688
92562
92530
92525
92509
92469
92458
92404
92379
92327
92161
91732
91663
91504
91448
91383
91241
91088
91083
91028
90918
90839
90671
90620
90598
90515
90343
90248
90196
90084
89995
89985
89819
89729
89695
89383
89372
89332
89279
89090
89020
88791
88689
88667
88637
88630
88570
88443
88410
88163
88052
88049
87997
87788
87695
87580
87542
87523
87518
87512
87479
87414
87413
87286
87031
86863
86822
86674
86584
86439
86439
86425
86310
86034
86018
85932
85920
85879
85835
85804
85414
85252
85115
85031
84884
84571
84541
84104
84037
84037
84021
83935
83823
83778
83633
83435
83172
83133
83109
82862
82803
82570
82563
82413
82368
82286
82133
82062
81909
81836
81736
81707
81701
81611
81598
81273
81222
81222
81214
81015
80977
80844
80799
80795
80498
80216
80096
79908
79908
79775
79628
79539
79478
79398
79354
79291
79209
78973
78702
78640
78539
78490
78297
78276
78096
78031
78015
77956
77880
77846
77506
77435
77261
77214
77141
77041
76842
76839
76760
76688
76591
76513
76445
76443
76296
75833
75819
75639
75534
75491
75228
74873
74753
74737
74693
74689
74660
74478
74412
74344
74179
74104
73966
73911
73817
73790
73491
73188
73155
73009
72862
72632
72570
72390
72375
72219
72071
72054
71971
71822
71735
71563
71511
71442
70689
70614
70593
70503
70384
70379
69966
69947
69936
69775
69688
69528
69523
69463
69303
69173
68904
68615
68491
68478
68384
68334
68152
68082
68074
67951
67932
67709
67611
67569
67390
67252
67018
66933
66625
66613
66577
66398
66386
66049
65884
65814
65763
65732
65609
65371
65343
65276
65106
65100
65088
65003
64808
64704
64665
64659
64522
64493
64492
64328
64262
64101
63991
63910
63698
63548
63385
63367
63269
63173
63156
63119
63076
63038
63028
62993
62944
62912
62751
62581
62231
62143
62013
61933
61779
61637
61500
61422
61373
61191
61114
61052
60921
60913
60729
60607
60591
60452
60386
60362
60213
60167
60035
59965
59947
59945
59872
59516
59481
59475
59200
58991
58850
58819
58572
58560
58533
58527
58470
58418
58374
58215
58177
57960
57941
57799
57566
57433
57405
57398
57043
56874
56858
56613
56565
56558
56515
56430
56379
56332
56186
56174
56172
56133
56095
56047
55756
55719
55636
55542
55354
55165
54945
54752
54650
54589
54416
54353
54272
54259
54126
53988
53905
53772
53526
53494
53111
53016
53001
52915
52788
52783
52779
52705
52643
52594
52584
52551
52278
52170
52002
51926
51751
51649
51607
51599
51484
51439
51403
51260
51186
51117
51084
51004
50947
50899
50781
50766
50433
50392
50211
50207
49983
49616
49589
49581
49550
49538
49527
49512
49398
49148
49088
48974
48891
48787
48628
48623
48554
48393
48336
48250
48160
48067
47851
47782
47462
47399
47321
47120
46971
46964
46873
46580
46567
46438
46431
46367
46333
46286
46272
46123
46001
45960
45871
45855
45796
45648
45326
45107
44893
44855
44798
44698
44649
44513
44380
44016
43976
43871
43708
43688
43640
43629
43611
43528
43442
43298
43163
42645
42600
42440
42385
42180
41957
41821
41748
41645
41638
41588
41434
41279
41199
41049
40915
40730
40663
40587
40583
40468
40091
40046
39828
39795
39625
39612
39552
39433
39401
39367
38894
38744
38726
38668
38494
38403
38319
38300
38279
38273
38193
38175
38116
38097
37922
37867
37356
37348
37292
37230
36618
36575
36437
36428
36406
36345
36106
36060
35900
35708
35418
35348
35227
35199
35092
34973
34859
34510
34427
34386
34374
34334
34333
34305
34245
34127
34120
34054
33960
33878
33795
33669
33639
33603
33551
33550
33490
33431
33230
33224
33116
33053
33022
33002
32879
32870
32752
32730
32694
32603
32504
32358
32289
32102
31989
31901
31890
31669
31651
31567
31561
31295
31205
31137
31072
30904
30783
30530
30470
30373
30303
30205
29993
29943
29853
29763
29597
29385
29279
29230
29205
29097
28990
28951
28846
28821
28815
28723
28677
28675
28669
28665
28566
28558
28509
28433
28180
28134
28082
27929
27869
27540
27403
27174
27168
27165
27083
26952
26726
26679
26586
26420
26282
26151
26140
26012
25870
25866
25864
25769
25602
25558
25493
25480
25477
25466
25233
25022
24864
24850
24778
24676
24651
24628
24587
24426
24354
24336
24268
23995
23746
23684
23625
23581
23521
23366
23300
23244
23170
23140
23030
22740
22567
22558
22240
22220
22187
22159
22071
21970
21964
21922
21674
21648
21540
21351
21347
21342
21295
21034
20903
20854
20651
20577
20499
20359
20261
20073
19927
19900
19891
19846
19826
19785
19779
19775
19742
19741
19620
19588
19488
19467
19424
19330
19293
19211
19209
19186
19019
19001
18975
18966
18854
18833
18781
18710
18607
18598
18420
18327
18225
18135
18134
18093
17943
17857
17835
17668
17630
17629
17531
17326
17245
17086
16715
16675
16627
16588
16126
15886
15774
15752
15669
15651
15353
15020
14713
14633
14536
14422
14412
14325
14050
13989
13825
13802
13709
13656
13651
13615
13461
13450
13324
13316
13272
13167
13118
12935
12627
12606
12481
12335
12307
12238
12223
12197
12156
12091
12079
11837
11746
11678
11664
11658
11636
11525
11518
11508
11444
11311
11202
11170
11037
10901
10582
10553
10520
10503
10429
10189
10175
10156
10111
9888
9874
9743
9704
9674
9606
9483
9239
9223
9022
8997
8963
8912
8819
8713
8668
8526
8489
8468
8444
8331
8322
8303
7983
7851
7702
7404
7400
7325
7080
7032
7025
6744
6740
6588
6525
6434
6219
6115
5997
5861
5763
5695
5613
5573
5523
5458
5352
5213
4785
4762
4552
4476
4404
4317
4172
4118
4082
3977
3972
3894
3816
3761
3437
3421
3267
3193
3191
3191
3118
3088
2958
2954
2886
2845
2778
2772
2654
2614
2600
2596
2465
2362
2355
2352
2318
2298
2126
2123
1948
1833
1790
1660
1546
1477
1316
1268
1259
1189
1130
1021
997
834
807
713
710
676
480
477
231
182
78
3
