500
2911
1717
2188
585
4991
1402
4376
2006
1339
3787
3109
2212
4563
1800
2657
459
1877
263
2585
3287
2194
543
1729
4647
2578
1742
4090
3242
3759
1171
2170
1144
2021
4599
4416
2153
4789
3510
4781
3272
2966
1797
1134
4175
4043
745
386
899
1253
1311
3459
4886
521
3153
3127
4882
3835
4335
2060
4533
95
939
4399
2186
2787
914
2405
3562
1296
3717
27
2158
4101
1464
4159
872
2445
4159
4989
1630
1253
3064
1324
4419
4345
5
4907
2656
4003
160
917
2974
2520
1962
475
1974
4648
646
702
3982
567
4364
1031
1052
3894
4504
1353
2172
4323
4970
3467
1736
4418
1648
2554
3269
3060
3589
4240
3699
992
2031
1841
525
2770
173
4820
4538
1886
4821
1805
59
582
483
1876
553
258
2707
581
4212
1950
2282
3977
1756
4418
1084
4678
4721
3873
1991
3875
3335
1560
773
795
3532
2903
3470
3368
3826
444
807
497
3299
2780
896
2037
1570
1559
4394
3676
1149
3457
1504
2282
3790
2047
618
3631
4509
803
415
4429
121
765
1937
1363
3330
3979
3944
1752
3286
481
1349
3105
18
3199
2173
3728
2337
3466
4553
3987
1269
1556
2431
1784
480
4745
4442
500
2570
469
411
4786
3906
4120
4351
1290
466
4161
657
1523
562
4875
557
1927
3308
983
4667
2017
4743
4871
326
672
3435
4782
4631
4283
2592
2137
1674
2574
1956
2176
3243
1073
2458
3746
2591
595
77
3755
4613
820
601
4405
1747
4145
2173
1086
2860
564
2002
3028
2335
1293
3590
4451
2479
4334
65
4544
2453
849
1101
2167
946
877
4533
1274
2232
2309
4955
1726
2809
1668
2163
4141
4003
2058
417
757
3470
2267
362
30
2733
1072
2146
1324
3620
4520
3504
4595
80
917
617
1222
4470
296
3025
4772
4527
1214
3521
1045
343
2526
2988
327
2932
1721
2045
843
2898
4587
3330
1267
1940
1332
1451
3378
204
1470
2722
3373
2033
2186
1305
886
3134
318
3856
1823
1635
3771
2865
2501
1865
1827
194
1583
3265
2690
2283
569
2287
2877
4174
3275
4393
2713
227
945
2140
1463
4757
2175
314
889
4888
3560
2832
2570
3575
4967
4190
948
3156
4724
1558
2087
364
3573
14
4260
4411
1615
2984
3534
574
2705
2572
1021
2461
4155
2534
3346
2673
3297
2423
4542
1043
1572
3445
3106
1426
4663
2466
3327
4489
4
2490
2351
1722
3522
4752
4970
2640
3810
3620
3623
1751
4188
3877
1391
695
2325
4223
2746
766
1925
2543
1841
1632
1208
201
379
2006
3893
597
3731
3396
4716
1593
3146
4050
3274
1999
1209
46
874
3483
1793
1441
4244
3806
412
4567
2042
995
3740
1093
3807
4352
4579
4878
2600
3626
4136
3496
4489
3653
1304
3889
3687
2124
2026
2272
4271
3970
1960
2250
3604
635
2341
1921
2226
2752
2620
4425
661
1134
1236
1895
3138
1252
1753
527
