5000
999728
999123
999025
998878
998596
998225
998131
997612
997555
996677
996676
996589
996568
996356
996295
996115
995971
995720
995665
995640
995313
994987
994919
994871
994868
994831
994731
994704
994604
994373
994256
994142
994129
994063
993732
993497
993336
993263
993187
993019
992831
992617
992566
992381
992331
991987
991889
991779
991582
991486
991308
991288
990767
990364
990285
989919
989579
989462
989452
989406
989239
989237
989135
988969
988741
988482
988130
987914
987552
987515
986630
986534
986532
986451
986427
986280
986208
986184
985979
985977
985890
985815
985386
985230
985101
984951
984836
984289
984029
983744
983550
983395
983123
983116
982949
982944
982937
982806
982753
982684
982641
982531
982421
982360
982208
982003
981548
981410
981020
981002
980939
980889
980816
980695
980221
979948
979925
979264
979056
978906
978228
978114
978071
977929
977928
977901
977704
977654
977384
976695
976501
976392
976123
976090
975981
975849
975327
975080
975071
975004
974663
974239
973917
973460
973353
973304
972742
972526
972493
972348
972118
971980
971604
971534
971054
971043
970970
970674
970536
970491
970474
970323
970192
969791
969604
969355
969305
969297
968994
968614
968573
968313
968201
968064
967977
967897
967845
967796
967524
967476
967439
967234
967179
967149
967126
967071
967037
967024
966593
966506
966431
966360
966104
966101
966062
965362
964986
964212
964055
964016
963839
963806
963677
963588
962581
962536
962457
962359
962185
962161
962029
962018
961892
961757
961597
961259
960960
960336
960100
959920
959406
959246
958562
958391
958324
957935
957589
957572
957477
957397
956842
956689
956577
956541
956201
956035
956021
955861
955530
955472
955385
955246
954627
954594
954254
954251
954242
953943
953272
953078
953072
952877
952436
951913
951848
951826
951804
951517
951259
951161
951111
950893
950382
950139
949941
949821
949591
949569
949513
949510
949360
948957
948915
948636
948421
948256
948128
948062
948052
948049
948010
947918
947872
947453
947432
947196
946808
946628
946585
946563
946464
946451
946270
946116
946061
946002
945564
945464
945410
945085
945020
944984
944763
944711
944667
944541
944498
944447
944074
943929
943770
943680
943601
943304
943034
942937
942899
942606
942281
942272
941496
941450
941154
940876
940565
940462
940461
940104
939911
939646
939529
939071
939003
938653
938608
938592
938425
938233
937795
937780
937663
937642
937604
937023
936907
936842
936798
936332
936195
936060
935333
935158
934562
934419
934294
933983
933917
933590
933236
933014
932952
932803
932784
932783
932373
932331
932091
931798
931780
931608
931435
931128
931003
930927
930794
930592
930533
930502
929607
929577
929166
929087
929047
928968
928924
928812
928754
928629
928555
928406
928377
928156
928120
928027
928010
927851
927846
927617
927559
927183
926514
926476
926396
926286
926227
926077
925964
925942
925799
924947
924777
924515
924209
924114
923676
923515
922901
922880
922864
922778
922316
922094
921541
921388
921271
921219
921007
920661
920537
920407
920225
920062
920054
919884
919816
919650
919212
919072
918797
918468
918405
918274
917999
917905
917744
917359
917013
916973
916857
916836
916749
916685
916388
915541
915512
915437
915152
914803
914364
914150
913948
913886
913760
913463
913397
913157
912744
912726
912444
912428
912172
912055
912041
911768
911396
911209
911190
911043
911037
910747
910430
910200
910168
910127
909744
909416
909346
908967
908850
908768
908641
908619
908496
908465
908456
907932
907779
907709
907698
907415
906799
906767
906712
906308
906204
906069
905597
905578
904918
904914
904892
904852
904699
904596
904520
904358
904216
904199
904078
903996
903453
903440
903404
903349
903051
902818
902816
902515
901854
901743
901655
901400
901159
901132
900938
900859
900546
900324
900312
900271
899915
899888
899762
899734
899686
899529
899323
899147
899102
899032
898839
898776
898759
898389
898268
897180
897178
896890
896620
896398
896218
895940
895175
895132
895107
895050
894720
894573
894355
894233
894057
893826
893593
892600
892410
892377
892264
892145
891860
891537
891417
891097
890878
890765
890700
890583
890351
890286
890043
889831
889684
889261
889143
888938
888883
888424
888223
887749
887380
887284
887220
887142
887065
886930
886493
886020
885455
885404
885322
885112
885073
885041
884869
884801
884146
884079
884047
883565
883231
883205
882945
882907
882819
882741
882735
882577
881933
881908
881421
881395
881387
881369
881113
881014
881003
880897
880793
880705
880289
879882
879678
879362
879193
879117
878987
878954
878879
878846
878702
878562
878507
878483
878412
878392
878350
878264
878063
877950
877480
876886
876842
876525
876508
876496
876453
876446
876359
876331
876110
875822
875520
875504
875094
874834
874759
874456
874386
874203
874193
873822
873701
873178
872973
872850
872702
872558
872370
872368
872177
872120
871880
871420
871395
871384
871133
871078
870804
870731
870603
870494
870467
870382
869546
869472
869396
868851
868582
868333
868294
868167
868078
868075
868039
868030
867867
867624
867510
867440
867296
866758
866608
866479
866048
865688
865645
865383
864834
864724
864659
864421
864296
863844
863482
863472
863457
863388
862997
862641
862151
862024
861960
861952
861589
861577
861317
861230
861085
860708
860563
860528
859888
859713
859344
859124
858874
858809
858604
858513
858485
858200
857963
857649
857464
857145
857115
857061
857032
856937
856900
856833
856589
856476
856291
856262
855822
855801
855747
855598
855261
854942
854670
854454
854440
854414
854387
854126
853935
853818
853795
853745
853686
853449
853295
853200
853170
852848
852554
851866
851627
851022
850925
850822
850720
850512
849885
849832
849681
849566
849465
849205
849070
848983
848870
848802
848592
848582
848568
848230
848136
847603
847073
846785
846761
846523
846121
845508
845407
845384
845165
845163
845144
845110
844317
844121
843613
842931
842844
842471
842176
842161
842128
841999
841881
841862
841642
841538
841504
841402
841289
841038
840748
840715
840702
840547
840047
839894
839766
839717
838712
838553
838513
838377
838244
837970
837519
837517
837445
837356
837231
837151
836959
836919
836596
836540
836481
836475
836097
835667
835508
835029
834829
834794
834765
834642
834450
834380
834185
833914
833774
833089
832987
832929
832924
832726
832572
832093
832075
832072
831835
831751
831672
831642
831609
831326
831219
830235
829366
828829
828716
828711
828698
828410
828244
828056
828015
827699
827679
827533
827468
827387
827318
827240
827211
827166
827094
826782
826723
826652
826432
826191
826177
825951
825756
825617
825539
825520
825433
825331
825323
825156
824912
824780
824649
824505
824478
824423
824249
824162
823924
823572
823357
823161
823052
822931
822921
822861
822535
822222
821745
821688
821569
821120
821094
820871
820808
820673
820419
820347
819960
819756
819593
819163
818456
817215
816415
816142
815988
815661
815591
815566
815170
815117
815000
814897
814896
814824
814755
814165
813891
813574
813315
812623
812614
812593
812592
812239
812120
812056
811844
811488
811433
811428
811159
810446
810375
810207
809768
809638
809047
808993
808840
808442
808149
807153
807142
807045
806846
806452
806243
806072
805736
805235
805040
804880
804572
804102
803823
803563
803301
803135
803082
802982
802845
802744
802704
802514
802447
802398
801981
801881
801783
801358
801295
801294
801070
800860
799670
799468
799438
799341
798919
798918
798798
798369
798166
798125
798069
797554
797520
797379
797115
796980
796869
796784
796776
796603
796536
796408
796406
796387
796261
796111
795948
795811
795802
795632
795631
795626
795559
795279
794695
794694
794689
794586
793941
793676
793585
793569
793366
793239
792727
792493
792338
791870
791690
791648
791615
791539
791443
791406
791278
791205
791176
791164
790805
790211
790082
790073
790047
789909
789754
789378
789016
788789
788783
788778
788598
788519
788395
788301
788292
788289
788184
788171
788162
788137
788091
787750
787640
787329
787239
787110
786983
786700
786459
786434
786121
785999
785549
785525
785382
783575
783300
783205
783143
782986
782969
782765
782547
782362
782358
782124
782032
781920
781723
781651
781598
781410
781132
781101
780743
780375
779997
779905
779530
779425
779397
779232
779197
778818
778542
777512
777412
777398
777274
777193
777163
777159
777132
777130
776576
776313
775993
775913
775724
775504
775368
775246
775241
775179
775175
775122
774873
774636
774239
773860
773852
773623
773576
773514
773075
772968
772810
772282
772245
772220
771880
771765
771472
771350
771231
771091
770822
770732
770153
769365
769269
768678
768636
768553
768328
768257
768100
768071
767859
767325
767324
767294
767160
766940
766934
766199
766180
765865
765647
765533
765277
765155
765139
765118
765026
764676
764280
764206
764076
763938
763803
763727
763095
762982
762915
762915
762853
762680
762623
762440
762275
761828
761807
761020
760943
760934
760784
760737
760704
760567
760504
760406
760327
760127
760021
759830
759122
758797
758623
758607
758294
758187
758079
757440
757376
757196
756678
756576
755895
755711
755661
755514
755226
755179
755126
754956
754830
754696
754696
754652
754627
754556
754274
754216
753771
753744
753483
753360
753265
752954
752735
752359
751999
751828
751098
751064
750636
750298
750293
750280
750269
750102
750077
749936
749915
749838
749518
749219
749022
748961
748768
748723
748270
747989
747981
747884
747278
747094
747063
746812
746515
746512
746455
746354
746182
746084
745823
745695
745580
745574
745539
744690
744628
744484
744202
743795
743637
743504
743428
743394
743268
743223
743069
742818
742746
742585
742542
742312
742308
742102
741571
741244
741056
741003
740879
740861
740819
740794
740504
740500
740208
740095
739848
739638
739296
738411
738345
738067
738053
737679
737595
737359
736973
736872
736692
736624
736561
736428
736261
736231
736199
735946
735845
735224
734376
734163
734080
734073
733991
733972
733803
733298
732253
732198
731617
731454
731221
731008
730150
730145
730034
729940
729683
729638
729559
728935
728782
728682
728608
727969
727281
727075
726963
726675
726166
726019
725983
725908
725683
725677
725584
724865
724855
724624
724281
724235
723935
723919
723815
723583
723480
722857
722733
722667
722415
722262
722064
721768
721709
721682
721373
721304
721250
721233
721163
719738
719423
719162
718961
718553
718245
718194
718173
718113
717889
717721
717706
717625
717616
717480
717306
717173
716978
716821
716795
716685
716569
716291
715799
715724
715337
715329
715252
715141
715068
715048
714889
714867
714623
714595
714299
714264
714194
714096
714081
713974
713898
713684
713576
713290
713273
713016
712065
711999
711966
711872
711670
711531
711243
711118
710981
710950
710901
710871
710518
710469
710088
709878
709817
709738
709615
709393
709210
708761
708718
708495
708416
708334
708099
707817
707409
707374
707324
707135
706997
706905
706731
706646
706592
706366
706330
706308
706195
706007
705943
705715
705537
705454
705369
705056
704894
704461
704375
704174
703449
703429
703406
702850
702798
702605
702325
702099
702017
701906
701646
701553
701476
701402
700917
700848
700836
700726
700632
700482
700399
700287
700211
700197
700082
699813
699725
699624
699550
699352
699113
699084
699040
698843
698567
698527
698333
698295
697846
697604
697368
697250
697044
696973
696857
696611
696443
696303
696267
695887
695815
695724
695228
694210
693810
693697
693695
692650
692551
692483
691719
691387
691364
691285
691131
690977
690728
690688
690667
690235
690102
689754
689594
689400
689222
689145
688428
688095
688042
687940
687900
687450
687380
687162
687094
687090
687052
686557
686527
686472
686311
686006
685951
685785
685784
685584
685180
685135
684648
684647
684437
683910
683740
683670
683547
683093
682804
682701
682664
682518
682115
681904
681893
681622
681583
681028
680192
680011
679748
679716
679647
679566
679546
679439
679418
679233
678976
678824
678412
677811
677652
677556
677532
676874
676710
676520
676409
676264
675803
675752
675401
675095
674975
674921
674435
674298
674037
674030
673554
673364
673225
673145
672737
672630
672518
671982
671773
671609
671349
671280
671164
670796
670776
670655
670531
670186
669689
669196
669195
668820
668743
668635
668209
668029
668029
667887
667669
667603
667034
666708
666429
666395
666387
666310
666257
666115
665748
665725
665628
665517
665493
665272
664986
664968
664944
664860
664494
664143
664009
663748
663679
663078
663045
662892
662862
662538
662146
662143
661810
661654
661623
661538
660681
660489
660376
660255
660182
660171
660108
660102
660025
659977
659911
659630
658776
658757
658590
658536
658417
658323
657180
657051
657033
656918
656906
656714
656693
656440
656270
656046
655963
655680
655560
655540
655504
655360
655339
655295
655262
655143
654932
654632
654217
654163
654071
652683
652646
652395
652201
652181
652123
651651
651564
651478
650821
650793
650570
650546
650015
649912
649565
649410
649373
649235
649233
649007
648826
648655
648514
648452
648374
648001
647813
647686
647663
647574
647459
647393
647257
647072
646962
646650
646551
646506
646151
646070
645812
645627
645570
645389
645383
645294
645067
645038
644825
644779
644760
644625
644221
644106
643808
643781
643215
643157
642721
642720
642632
642337
642271
642020
641982
641959
641932
641680
641654
641430
641271
641070
640765
640610
640587
640332
639984
639871
639135
638391
638362
638289
638159
638148
637982
637846
637780
637766
637756
637704
637336
637212
636999
636950
636735
636426
636117
635956
635848
635832
635825
635374
634582
634539
634487
634178
633636
633444
633295
632843
632532
632514
632326
632284
632154
631996
631705
631521
631515
630607
630196
630170
629961
629945
629707
629706
629455
629167
629046
628892
628703
628304
628237
627450
627330
627248
626732
626698
626590
626576
626460
626456
626453
626332
626117
626016
625858
625752
625550
625507
625295
625232
625199
625101
625098
624919
624825
624656
624452
624245
623954
623868
623658
623590
623537
623403
622940
622763
622204
621682
621249
621174
621019
620897
620395
619966
619676
619540
619428
619419
619268
619249
619192
619090
618929
618394
618268
617961
617830
617750
617669
617479
617460
617152
617152
616852
616653
616528
616326
616287
616179
616138
616072
615882
615848
615809
615785
615501
615250
614941
614908
614819
614810
614631
614612
614560
614225
613891
613730
613557
613523
613120
612846
612229
611702
611639
611613
611582
611568
611531
611151
610810
610787
610209
610173
609950
609768
609692
609620
609468
608525
608436
608368
608173
608023
607859
607691
607426
607319
607025
606577
606376
606117
605926
605823
605780
605664
605624
605271
605115
604978
604427
604372
604346
604199
604116
604036
604027
603621
603514
603068
603044
603043
602850
602835
602737
602668
602654
602557
602247
601994
601697
601649
601566
601566
601565
601402
601305
601243
601036
600953
600918
600912
600362
600249
600172
600082
599767
599547
599199
598470
597943
596821
596566
596454
596341
596207
595890
595780
595456
595295
595286
595250
594958
594303
594243
594192
593719
593343
593161
592593
592433
591978
591966
591744
591451
591042
590390
590205
589714
589605
589540
589493
589402
588953
588830
588453
588410
588186
587924
587811
587736
587665
587660
587169
587085
586827
586463
586420
586355
586126
586015
585760
585707
585661
585530
585508
585474
585149
585115
584870
584576
583973
583866
583462
583439
583253
583134
583073
583063
582963
582828
582581
582221
582038
581774
581684
581377
580922
580824
580816
580704
580671
580627
580331
580248
579929
579902
579892
579737
579199
579102
579055
578937
578909
578753
578568
578339
578230
577901
577461
576919
576837
576757
576742
575851
575782
575690
575397
575229
575223
574757
574649
574602
574583
574406
574400
574234
573624
573052
572877
572761
572511
572475
572238
572076
571488
571329
571009
570686
570481
570140
569975
569423
569076
568891
568580
568475
568409
568359
568125
568021
567994
567723
567589
566799
566764
566554
566554
566552
566386
566012
565845
565633
565529
565434
565089
564931
564594
564327
563934
563928
563926
563858
563671
563419
563258
563155
563119
562988
562739
562607
562559
562505
561851
561473
561426
561404
561376
561143
561013
560980
560538
560502
559005
558718
558447
558433
558343
557424
556910
556897
556828
556803
556794
556690
556439
556052
556030
555765
555734
555732
555487
555215
555188
555127
554489
554169
553724
553695
553419
553147
553143
552968
552748
552363
552152
552144
552052
551442
550967
550899
550686
550228
549869
549845
549418
548926
548907
548883
548686
548649
548516
548224
548046
547991
547955
547836
547829
547568
547507
547163
547096
546878
546576
545794
545777
545613
545540
545418
545396
545108
545065
544651
544310
544090
543941
543915
543521
543477
543451
543213
543201
543127
542905
542865
542801
542681
542678
542291
541891
541828
541582
541080
540905
540580
540019
539864
539694
539593
539259
539002
538788
538540
538477
538026
538010
537466
537409
536786
536606
536348
536269
535997
535920
535869
535811
535054
534913
534857
534823
534806
534430
534265
533850
533723
533660
533280
533107
532942
532921
532916
532869
532476
532451
532232
532189
531593
531558
531444
531333
531323
531187
530898
530351
529718
529488
529452
529309
529197
529182
529109
528963
528740
528679
528179
528064
528064
527985
527977
527431
527372
527243
526879
526761
526246
526125
525924
525519
525009
524491
523888
523602
522904
522542
522493
522416
522130
522088
521853
521362
521291
521244
521027
521024
520971
520378
520322
520278
520200
520037
519584
518128
518041
517848
517809
517530
517506
517423
517323
517225
516923
516911
516748
516713
516523
516275
516121
516043
515765
515455
515446
515259
515135
515054
514986
514958
514762
514620
514526
514457
514288
514279
514248
514165
514036
513963
513104
512693
512563
512530
512107
512097
512021
511815
511800
511407
511309
511305
511265
510720
510639
510534
510530
510250
510226
510028
509905
509747
509669
509505
509496
509470
509188
508950
508869
508781
508690
508651
508025
507928
507812
507725
507592
507544
507414
507073
506957
506545
506421
506091
506055
505855
505580
505421
505329
505289
505128
505071
504789
504519
504491
504318
503683
503419
503364
502907
502605
502577
502347
502314
502288
501593
500873
500844
500783
500738
500720
500303
500289
499847
499791
499632
499621
499473
499426
499206
498703
498681
498637
498570
497876
497448
497336
497333
496962
496582
496372
496315
495995
495853
495677
495628
495401
495354
494956
494743
494507
494326
494260
494120
494069
493361
493322
493214
493194
492984
492973
492917
492712
492607
492512
492143
491499
491099
491029
491002
490841
490748
490709
490637
490079
490035
489766
489582
489269
489245
488921
488901
488697
488502
488481
488304
488236
488171
488135
487971
487968
487841
487566
487170
487020
486490
486450
486301
486197
485948
485924
485734
485511
485449
485416
485386
485366
485160
485078
484203
484188
484008
483883
483589
483518
483377
483335
483186
483115
482977
482912
482889
482871
482831
482762
482498
482496
482302
481899
481786
481362
481248
480976
480683
480512
480267
480126
480093
479954
479858
479225
479099
479018
478689
478038
477524
477491
477348
477175
477065
476969
476565
476539
476131
475485
474944
474550
474209
474001
473824
473474
473441
473427
473143
472475
472161
471313
470977
470691
470665
470530
470349
469921
469505
469477
469354
469323
469298
469292
469197
468848
468767
468687
468373
468257
468158
468104
468032
467959
467954
467515
467058
467001
466359
466324
466228
466143
466135
466092
465895
465789
465604
465555
465373
465345
465255
464753
464686
464341
464251
464019
463743
463462
463403
463328
463136
462530
462438
462306
462089
461906
461862
461635
461565
461402
461348
461334
461297
461079
460734
460731
460294
459963
459926
459660
459563
459339
459284
458918
458402
458172
458069
457663
457456
457324
457316
457020
456877
456830
456793
456478
456151
455864
455861
455542
455226
455197
454708
454311
453727
453529
453325
453092
452663
452633
452487
452153
452146
451858
451758
451747
450725
450571
450569
450521
450048
450015
449990
449895
449878
449566
449315
449099
449080
448821
448714
448539
448155
447729
447721
446999
446285
446082
446002
445160
444992
444680
444644
444506
444200
444180
444122
443983
443886
443262
443232
442601
442490
441816
441788
441236
441165
440737
440648
440223
440044
439892
439885
439439
439439
439218
439135
439114
438621
438597
438332
438310
438239
437892
437651
437625
437513
437425
437138
437082
437004
436604
436468
436464
436314
436275
436061
435587
435493
435208
434730
433974
433660
433178
433133
433111
433050
432930
432907
432875
432842
432568
432499
432179
431311
431196
431040
430952
430600
430568
430511
430274
430110
430083
429927
429913
429882
429298
428992
428951
428171
427909
427833
427758
427683
427677
427429
427327
427291
427250
427148
426415
426231
426058
425942
425435
425349
425161
425059
425011
424969
424039
423837
423601
423529
423344
422993
422883
422504
422343
422282
421747
421517
421111
420532
420411
419800
419466
419314
419314
418857
418568
418475
418231
418002
417680
417571
417436
417200
416986
416692
416673
415677
415663
415624
414915
414842
414540
414279
413840
413696
413410
413274
413054
413006
412839
412723
412594
412410
412287
412261
412114
411957
411955
411568
411498
411496
411293
410982
410924
410655
410596
410581
410051
409987
409436
409313
408531
408081
407899
407884
407817
407157
407080
407036
407026
406736
406639
406226
406044
406024
405828
404776
404432
404363
404170
403764
403678
403235
402853
402672
402349
402191
402161
402118
401371
401320
400671
400637
400037
399986
399975
399897
399796
399792
399718
399291
398579
398459
398188
397831
397703
397568
397441
397327
397301
397033
396840
396838
396713
396659
395635
395393
395339
395062
394914
394502
394215
393807
393701
393694
393300
393142
392780
392724
392630
392576
392419
391910
391618
391481
391375
391346
391218
391122
391016
390782
390423
390071
389858
389850
389655
389170
389126
388983
388512
388405
388326
388248
387976
387945
387822
387814
387382
387306
387300
387005
386957
386614
386457
386428
386218
386117
386026
385905
385541
385024
384454
384439
384360
383743
383606
383600
383313
383041
382898
382801
382616
382299
382263
382193
381818
381582
381450
381388
381144
381099
381085
381067
380740
380736
380701
380547
380371
380267
379523
379289
378652
378255
378106
378048
377801
377427
377154
377128
376993
376755
376734
376607
376513
376416
376305
376179
375884
375666
375351
374945
374637
374173
373892
373642
373461
373291
373129
372605
372429
372252
371890
371564
371514
371489
371070
369519
369456
369331
369200
368713
368574
368089
367956
367545
367233
367126
366586
366329
366043
365792
365678
365621
364893
364660
364616
364594
364504
364288
363990
363730
363662
363263
363196
362879
362742
362550
362419
362260
361848
361638
361570
361288
361062
360847
360741
360713
360694
360001
359873
359747
359643
359377
358832
358620
358134
357971
357556
357509
357294
357285
357131
356993
356855
356706
356663
356482
356270
355888
355684
355663
355389
355129
355065
354725
354541
354381
354035
353716
353576
353550
353511
352703
351752
351691
351472
351234
351023
350491
350478
350350
350276
350256
350019
349915
349788
349729
348622
348489
347849
347735
347601
347540
347210
347170
346318
346311
346303
346015
345786
345779
345613
345553
345476
345385
345088
344890
344650
344560
344520
344501
344380
343990
343930
343816
343424
343418
343058
342877
342829
342533
342239
341932
341886
341714
341627
341467
341288
341053
340633
340619
340171
340113
340101
339998
339858
339619
339555
339483
339426
339425
339115
338683
338644
338602
338351
338308
338296
338023
337653
337173
337031
336491
336180
335899
335562
334985
334931
334829
334716
334341
334209
334005
332997
332712
332671
332557
332375
332094
331691
331396
330900
330725
330655
330336
330205
330161
330113
330095
329766
329637
329605
329285
329235
329089
328832
328556
328437
328269
328030
327842
327735
327259
327053
327009
326928
326711
326678
326566
326471
326470
326351
326301
325940
325913
325813
325632
325380
325363
325258
324981
324419
324377
324329
324256
324175
324083
323827
323653
323406
323041
322892
322826
322826
322645
322307
322126
322083
321940
321663
321442
321298
321122
320763
320663
320380
319999
319864
319784
318707
318647
318486
318263
317437
316769
316335
316316
316277
315990
315977
315873
315732
315686
315567
315447
315400
315064
314948
314905
314714
314642
314265
314264
314260
314189
314029
314011
313978
313918
313776
313697
313654
313509
313503
313343
313158
312745
312661
312504
312371
312238
312233
312128
312112
312095
312026
312022
311889
311695
311562
311515
311139
310544
310135
309837
309712
309278
309137
308905
308199
308142
308140
308017
307954
307824
307698
307477
307204
307174
306895
306361
306282
305549
305298
305279
305171
305073
304990
304967
304514
304463
304314
303961
303829
303722
303457
302887
302641
302409
302070
301859
301023
300636
300101
299964
299625
299562
299434
299422
299270
299142
298677
298342
298132
298109
298039
297928
297777
297706
297694
297663
297621
297319
297072
296994
296734
296473
296451
296400
296263
296181
295845
295766
295762
295578
295562
295111
295055
295003
294667
294664
294632
294574
294294
294152
293990
293903
293795
293362
293008
292753
292623
292597
292484
292291
292278
292207
292201
292060
291921
291846
291548
291484
291419
291416
291363
291344
291211
291207
291206
290870
290638
290551
290403
290389
290287
289862
289405
289063
289018
288679
288518
287505
287486
287065
286751
286679
286662
286598
286557
286523
286482
285717
285541
285500
285474
285373
284703
284653
284643
284414
284218
284044
283990
283912
283887
283751
283665
283150
282772
282439
282421
282416
282413
282101
282082
281973
281701
281452
281055
280852
280616
280408
280156
280104
279830
279796
278443
278182
278166
278067
277210
277208
277071
277057
276948
276608
276540
276448
276039
275913
275478
275234
274889
274705
274680
274544
274520
274462
274363
273740
273695
273598
273551
273256
273142
272548
272398
272322
271850
271765
271633
271621
271505
270810
270797
270741
269908
269871
269504
269404
269244
268997
268846
268785
268743
268499
267971
267880
267852
267775
267773
267742
267334
267145
267072
267020
266891
266822
266458
266255
265837
265800
265667
265408
265171
265033
264923
264840
264695
264612
264397
264332
264200
264189
264100
263345
263175
263124
263092
263072
262945
262829
262641
262624
262278
261661
261612
261503
261437
261414
261244
260804
260735
260024
259765
259697
259495
259488
259142
258873
258656
258401
258177
258153
257853
257845
257720
257467
256568
256035
255741
255243
255213
254862
254326
254089
253824
253704
253608
253476
253440
253234
252946
252503
252117
251868
251723
251702
251677
251249
250753
250650
250632
250315
250033
249983
249769
249096
249033
249003
248991
248805
248552
248410
248345
247900
247831
247547
247240
247033
246707
246649
246078
246022
245812
245376
245366
245080
244918
244585
244573
244496
244388
243878
243458
243159
243104
243069
242912
242828
242423
242344
242094
241838
241832
241767
241742
241587
241274
241227
241095
241030
240897
240892
240684
240683
240678
240606
240138
240087
239864
239732
239577
239224
239161
239153
238844
238623
238348
238255
238155
237995
237792
237710
237435
237212
237156
237020
236654
236525
236398
236354
236276
236076
236059
235865
235676
235427
235287
234957
234812
234635
233856
233578
233404
232684
231860
231733
231242
231156
231068
231054
230892
230691
230339
229982
229722
229672
229608
229264
229204
228690
228510
228162
228109
227793
227775
227710
227646
227427
227042
226845
226771
226700
226419
226163
225716
225669
225405
225352
225265
225260
224813
224706
224655
224318
224188
224185
224064
223938
223651
223628
223620
223546
222720
222442
222137
221655
221431
221167
221150
221111
220819
220757
220441
220332
220287
220176
219918
219420
219413
219268
219202
219168
219088
218945
218695
218321
217817
217374
216947
216674
216625
216513
216507
216485
216112
216002
215998
215586
215454
215374
215009
214792
214782
214562
214259
214227
214212
213985
213984
213822
212978
212188
212130
212073
212001
211962
211605
211355
211206
211062
210689
210473
210217
209583
208837
208640
208436
208242
207814
207802
207274
207195
206607
206511
206438
206362
206250
206243
206036
206008
206002
205459
205266
205175
205046
204793
204589
204425
203987
203946
203809
203636
203591
203503
203348
203296
202999
202590
202440
202419
201887
201509
201480
201401
200941
200841
200242
199724
199363
199161
199128
199107
199047
198898
198722
198671
198359
198132
198008
197619
197187
196854
196783
196547
196183
195634
195612
195465
195346
195228
195166
195112
194900
194435
194161
193879
193564
193526
193077
193068
192958
192901
192819
192814
192750
192719
192601
192161
191923
191703
191680
191418
191055
190713
190538
190512
190291
189383
189253
189075
188990
188605
188543
188349
188294
188033
188030
188019
187705
187311
187281
187276
186652
186515
186126
186005
185936
185848
185827
185285
185175
184332
184316
184065
184044
183914
183905
183547
182610
182523
182349
182258
181890
181877
181717
181582
181309
180861
180763
180106
179837
179587
179284
179123
178970
178769
178434
178423
178350
178215
178214
177861
177618
177490
177477
177271
177120
177012
176225
176156
176152
175908
175587
175491
175094
174940
174797
174756
174673
174652
174382
173333
173213
172737
172736
172634
172382
172100
172065
172059
171318
170927
170697
170410
170044
170022
169757
169469
169204
169052
168413
168309
167904
167860
167633
167577
167303
167279
166652
166367
166298
165916
165664
165467
165260
165123
165103
164664
164438
164302
163833
163668
163150
163033
163008
162876
162793
162789
162703
162441
162440
162428
162116
161717
161459
161335
160718
160272
159863
159000
158943
158510
158437
158267
158231
158203
158157
158000
157997
157588
157574
157532
157360
157198
156867
156839
156714
156268
155909
155761
155685
154948
154849
154731
154697
154652
154407
154239
154213
154156
153975
153809
153731
153572
153512
153177
153068
153043
152911
152836
152773
152754
152735
152705
152549
152515
152149
151872
151230
151143
150937
150862
150831
150485
150425
150395
150276
150255
150034
149687
149591
149585
149383
149375
148937
148842
148599
148405
148399
148387
148337
148298
148274
147675
147554
147473
147061
147011
146984
146543
146489
146340
146132
145923
145578
145486
145436
145357
144589
144520
144365
144241
143385
142976
142903
142858
142612
142211
141878
141342
141025
140575
140355
140082
140035
139983
139798
139554
138973
138906
138611
138214
138145
138096
138091
138064
137932
137870
137342
137029
136653
136298
135845
135531
135347
135069
134986
134927
134798
134262
133813
133793
133327
133264
133079
132325
132307
132209
132035
131903
131088
131000
130779
130768
130163
130028
130005
129859
129850
129603
129599
129483
129312
128747
128366
128292
127861
127655
127279
127245
127200
126323
125656
125437
125399
125176
125126
125009
124996
124765
124690
124608
124365
124244
123916
123542
123523
123244
123026
122980
122825
122213
121996
121746
121469
121103
121089
121066
120979
120435
120323
119945
119945
119618
119509
118926
118850
118830
118218
118174
118044
117648
117465
117295
117023
116913
116602
116568
116225
116149
116027
115924
115910
115827
115541
115427
114957
114659
114575
114386
114304
113788
113636
113548
113512
113307
113283
113178
112522
112346
111870
111733
111564
111311
110387
110338
110213
109927
109783
109666
109665
109560
109388
109077
108935
108860
108850
108653
108565
108461
108295
107995
107964
107893
107701
107121
106679
105970
105668
104747
104617
104283
104248
104078
104067
103942
103851
103777
103604
103431
103409
103250
103244
102967
102931
102930
102829
102693
102685
102543
102317
102120
101776
101223
100692
100484
100453
99940
99551
99524
99345
99318
99304
98912
98734
98133
98081
97908
97739
97651
97563
97386
96992
96941
96733
96403
96364
96009
95269
94761
94760
94720
94608
94293
93913
93677
93489
92700
92669
91671
91498
91412
91377
91264
91253
91061
91022
90774
90399
90174
89837
89058
88958
88811
88502
88157
88064
87979
87806
87729
87496
87207
86915
86488
86466
86390
86362
86320
86022
85424
85168
84958
84921
84570
84361
83974
83944
83876
83718
83069
82835
82294
81937
81833
81603
81230
81047
80851
80625
80322
80288
80124
80031
79992
79712
79604
79591
79560
79474
79393
79212
78652
78371
78210
77773
77664
77616
77528
77145
76983
76820
76463
76417
75438
75413
75234
74633
74624
74586
74569
74516
74319
74291
74286
74252
74052
73699
73046
72880
72791
72367
71255
71137
71121
71010
71003
69389
69285
69214
69068
68938
68800
68758
68555
68537
68477
68466
68269
67955
67840
67695
67375
67363
67320
67214
67164
66924
66506
66258
65891
65882
65841
65626
65267
65166
65030
65008
64673
64537
64498
64310
64078
63911
63477
63415
63391
63301
62994
62627
62534
62460
61905
61855
61816
60981
60962
60784
60768
59869
59804
59343
59263
59089
58989
58712
58537
58164
57809
57655
57303
56934
56693
56598
56419
56164
56090
56077
55822
55418
55036
54846
54780
54605
54512
54445
54399
54352
54311
54122
53785
53709
53683
53597
53343
53023
52977
52973
52729
52552
52459
52097
51816
51784
51463
51321
51222
51217
51048
51002
50776
50401
50182
49786
49502
49336
48596
48515
48470
48468
48393
48130
47491
47428
47253
47177
46716
46507
46501
46410
46369
46274
46203
45967
45762
45759
45673
45478
45355
45249
45130
44717
44691
44613
44603
44510
44357
44079
44020
43603
43566
43402
43364
43273
43169
42802
42534
42502
42200
41458
41256
40910
40783
40783
40628
40361
40060
39944
39777
39713
39288
39233
38916
38703
38229
38229
38015
37675
37409
37238
37142
37132
36990
36700
36419
36315
36300
36067
35539
35059
34972
34932
34640
34539
34509
34298
33925
33691
33242
33219
32851
32396
31851
31394
31227
31168
30742
30531
30380
29897
29554
28913
28825
28809
28794
28603
28488
28341
28295
28161
28123
28014
27672
27363
27352
27254
27242
26653
26572
26169
26141
26018
25405
25337
24992
23794
23132
22763
22702
22250
22163
21892
21761
21690
21665
21440
21371
21199
20987
20903
20606
20598
20171
20069
20059
19931
19689
19659
19623
19478
19278
19232
19085
18257
18010
17791
16846
16710
16669
16540
15744
15646
15441
15180
14993
14902
14653
14290
14227
13589
13014
12985
12755
12026
11816
11746
11545
11376
11127
11015
10770
10481
10128
9985
9936
9919
9884
9276
9245
9138
9048
9047
8806
8766
8539
7998
7988
7703
7560
7428
7345
7169
7074
6914
6726
6538
6447
6410
6130
5813
5807
5780
5536
5502
5359
5261
4596
4485
3612
3534
3415
3403
3341
3329
3312
3290
3260
3075
2809
2705
2697
2385
1895
1852
1634
1055
903
706
582
418
346
241
221
156
