1000
6798
6679
5422
8891
7634
6813
1021
3389
6884
6382
9570
321
9433
6233
7815
97
5764
4893
6390
6866
8819
8948
9884
3614
8000
3596
4472
7141
7957
476
6372
5508
6625
2705
7658
2092
8752
442
6456
9698
9247
445
1376
7023
2224
7565
2978
824
4263
6212
5364
3468
7450
5356
5530
6212
4559
6907
4134
1342
7706
318
8838
854
5734
3674
1125
660
509
4052
3267
334
2497
3909
2069
7759
1875
9241
3572
7620
4199
6044
2750
9927
9950
1877
2684
5097
1772
9482
421
5112
9434
6150
6499
3250
1246
9701
3979
1670
4942
9838
1984
9273
673
5689
8729
7019
6072
1130
8290
5591
208
6883
8032
1730
7103
5935
7533
2507
7136
2886
8549
4426
8818
7922
7617
7137
9708
4398
5281
4023
1420
4570
7386
3996
7614
9337
10000
6210
5512
471
8099
5326
2980
7989
3476
5814
4233
5577
4582
9768
4527
9107
167
8465
3131
1403
3955
6659
8005
9097
3938
7801
8042
7343
283
1525
4821
3631
6626
3987
5017
9529
6047
7754
9069
8699
5633
6972
9018
5420
5765
7435
4439
5024
4119
3778
1977
3156
5170
1959
8780
3034
3139
3546
7934
4531
9660
8596
9778
4637
1648
3181
4854
3728
5913
2940
4953
232
8752
2074
4495
746
894
9067
4787
2069
8043
1681
201
9406
4659
7691
7844
7217
5583
3021
842
4137
7828
1870
1071
6566
8057
1214
9454
879
2486
2445
9222
4979
1396
4067
1941
9144
6819
9934
9767
3698
8562
6233
7382
7254
4872
9643
7026
5004
9317
987
9989
1626
3405
3458
4336
1331
2574
3930
2848
9044
1230
2565
44
6694
7382
9730
7700
4772
535
3793
4721
4633
7439
1167
3825
4335
9664
3242
6966
1881
8923
3684
2442
4353
2331
1170
978
2719
5040
9750
9326
4729
7196
2038
7680
4983
6595
4461
8200
8848
8091
7173
1318
9799
654
7079
5281
9892
4103
424
1497
3751
9425
9620
340
4416
9442
660
2871
7709
8503
7246
4558
2974
9591
7142
8057
1495
7701
5701
6691
5461
5261
1714
2635
5404
6745
8118
4723
6562
9013
602
7452
1443
5154
4136
5297
1900
6623
8432
19
8890
7570
6771
889
3074
8495
5928
8168
7243
846
3336
4376
8999
2147
4720
7179
7942
1990
473
9976
3921
2595
5092
9025
225
9049
6685
1528
3682
1859
7561
1925
2523
8166
4782
8338
4480
6808
7906
7737
3994
7484
9032
2370
6285
3123
9821
8328
2237
1144
4527
6799
5569
8319
4378
43
4635
4892
9617
9502
8023
2435
7317
8825
7936
5655
5447
9043
8904
6181
7461
5273
3091
3913
9369
6275
3827
6731
716
5214
7750
6247
6326
2493
8116
607
2069
8230
9670
5440
1645
7214
1634
8618
7487
252
2362
6718
2530
1226
7693
4343
5547
6513
1316
5384
8743
6227
5189
7995
8865
589
1122
3847
4709
3728
1481
7111
1613
1647
7270
2726
4907
475
754
5315
920
4807
5874
6142
7057
2386
4001
8703
6752
9273
2951
2786
2869
1294
9986
6268
3946
8154
9555
2345
3805
7556
4162
7530
4184
154
7623
4713
8956
2589
1211
7238
5662
9627
4902
6952
4098
7485
4950
3264
6303
7917
1748
3887
6249
9371
5882
9418
4848
4838
360
6485
4498
133
9273
804
9936
8139
4690
3771
9947
5773
3589
3116
4107
2241
1592
646
5062
7223
547
9496
5978
2154
1477
4836
5353
6808
2878
3290
2166
8838
5995
8698
8222
4466
2696
4211
7895
4836
5550
1887
7674
1234
2307
3697
6512
9132
5993
1480
6465
229
4333
8792
2025
7452
6039
4296
9578
6243
6087
1776
3831
7725
411
9199
5375
9996
3627
1036
7607
4952
6690
1912
2291
743
610
4987
8072
1903
1593
3847
8808
2223
6368
7433
6079
8851
6867
9623
2532
6798
1623
8018
6687
4584
537
6071
3560
7265
7286
3869
5943
1628
6019
8921
5877
993
6524
4521
3110
2002
7451
1502
3476
9784
350
829
5465
3991
2064
9251
3363
1125
9081
3395
9608
3539
3818
5384
2418
9765
47
4543
2371
2130
8851
4107
2859
1802
423
2160
244
5870
3899
9648
5305
259
2855
4348
859
2077
6898
8620
1863
1042
7803
7345
5932
8409
9727
1787
7406
8255
3630
711
8544
4942
7505
511
997
7848
6581
6985
1769
8033
7268
1205
1324
5278
9967
2431
1077
2068
4506
9591
8985
5328
6241
9788
8693
4832
7434
8283
9920
7049
1625
1875
9034
3523
7047
7399
3744
6780
5554
7431
6533
6816
1558
5121
6993
5121
4177
6133
2501
7771
1100
1495
1399
1528
7076
1583
6106
2132
9116
983
9609
9202
9203
5401
2003
6731
5794
6930
843
4713
9838
5120
5762
1698
9469
8314
3486
2536
7901
3675
1774
5737
9114
6023
1883
4565
9407
3706
7031
9191
9122
431
9978
4382
475
2956
4478
5063
5568
5752
101
2973
2348
9279
6567
1141
2325
503
1504
8692
3525
6164
6879
7433
5586
2579
6063
5106
5315
9300
9769
1392
862
2550
2580
816
1337
4459
7260
6948
7958
9947
7243
6786
4476
3532
8395
1865
5656
7044
1817
4641
9718
7973
8634
5054
745
3613
6476
9820
898
126
3350
4939
3461
2249
4187
4743
5376
1966
127
8150
7056
2879
2117
6230
8726
3771
8197
9155
5803
1181
6506
694
7148
308
7533
1276
5130
9434
7034
9395
6627
6844
4744
1888
6637
342
5322
2816
7539
5929
1444
7156
1735
3987
7139
9649
6561
8585
1289
6485
5084
5563
3631
5457
2755
1252
8364
1869
8694
8356
3177
5725
5753
2420
3872
1685
2400
4194
3233
2843
9870
2505
1235
2903
8096
7602
9237
9495
7355
9249
5296
5180
2474
7206
1119
7683
7246
4962
4501
9690
921
5767
8313
1216
5086
7566
7405
617
933
6042
4704
1258
1480
9734
8308
6300
7582
9509
9082
673
7369
9367
3085
5268
9913
7793
8215
2472
1014
7382
1696
5627
1382
8267
2828
642
4060
7173
7200
8587
8565
9992
2601
5963
6109
4635
6348
6698
5544
9796
858
5483
1080
5402
1549
