500
10
20
30
20
50
60
30
80
90
40
10
20
50
40
50
60
70
80
70
100
10
80
30
40
90
60
70
100
90
100
10
20
30
20
50
60
30
80
90
40
10
20
50
40
50
60
70
80
70
100
10
80
30
40
90
60
70
100
90
100
10
20
30
20
50
60
30
80
90
40
10
20
50
40
50
60
70
80
70
100
10
80
30
40
90
60
70
100
90
100
10
20
30
20
50
60
30
80
90
40
10
20
50
40
50
60
70
80
70
100
10
80
30
40
90
60
70
100
90
100
10
20
30
20
50
60
30
80
90
40
10
20
50
40
50
60
70
80
70
100
10
80
30
40
90
60
70
100
90
100
10
20
30
20
50
60
30
80
90
40
10
20
50
40
50
60
70
80
70
100
10
80
30
40
90
60
70
100
90
100
10
20
30
20
50
60
30
80
90
40
10
20
50
40
50
60
70
80
70
100
10
80
30
40
90
60
70
100
90
100
10
20
30
20
50
60
30
80
90
40
10
20
50
40
50
60
70
80
70
100
10
80
30
40
90
60
70
100
90
100
10
20
30
20
50
60
30
80
90
40
10
20
50
40
50
60
70
80
70
100
10
80
30
40
90
60
70
100
90
100
10
20
30
20
50
60
30
80
90
40
10
20
50
40
50
60
70
80
70
100
10
80
30
40
90
60
70
100
90
100
10
20
30
20
50
60
30
80
90
40
10
20
50
40
50
60
70
80
70
100
10
80
30
40
90
60
70
100
90
100
10
20
30
20
50
60
30
80
90
40
10
20
50
40
50
60
70
80
70
100
10
80
30
40
90
60
70
100
90
100
10
20
30
20
50
60
30
80
90
40
10
20
50
40
50
60
70
80
70
100
10
80
30
40
90
60
70
100
90
100
10
20
30
20
50
60
30
80
90
40
10
20
50
40
50
60
70
80
70
100
10
80
30
40
90
60
70
100
90
100
10
20
30
20
50
60
30
80
90
40
10
20
50
40
50
60
70
80
70
100
10
80
30
40
90
60
70
100
90
100
10
20
30
20
50
60
30
80
90
40
10
20
50
40
50
60
70
80
70
100
10
80
30
40
90
60
70
100
90
100
10
20
30
20
50
60
30
80
90
40
10
20
50
40
50
60
70
80
70
100
