500
999269
993598
988174
985455
985188
983451
982207
981901
978676
974734
973367
972619
971398
971201
968587
967085
966277
966255
966002
965209
964774
962838
962658
961002
958081
957077
954804
954280
954267
949455
945090
943660
942701
942000
938656
937914
937780
931551
929366
928531
927289
922056
921674
921133
916476
916230
911013
910782
909203
908720
907482
904956
904693
904588
903605
892528
891349
889664
887934
884149
881950
880104
877030
876301
873473
872905
872462
868115
866365
860684
857516
857493
856767
854870
854176
853564
853208
852373
846679
846027
842905
841735
840998
838201
836008
830299
823599
821894
819966
818205
816819
814987
813970
813302
812020
809966
809620
806105
803139
801280
799322
799167
796916
795448
787359
783736
778782
778016
777802
776599
772417
771348
771034
770140
768597
768102
767340
763542
763251
762188
761913
760793
754432
753608
752643
751814
750908
750002
744613
743450
743018
740120
739550
737866
737686
736486
734108
733398
731320
730869
730387
729099
728236
723868
721152
719978
717348
717159
713753
710726
710504
706888
704252
703480
702166
701263
700969
700560
699332
698125
695451
694881
693972
686397
684017
679671
679444
678271
675843
674020
660976
659552
659117
656875
652202
650888
646518
645909
640209
638882
638252
635738
634866
633283
632043
629373
623853
622450
621315
617242
615517
614927
614093
611184
610952
608526
607830
606113
605538
604637
603121
598202
597306
596502
595594
594038
593077
592716
592676
592343
591890
591219
589887
588400
588351
588216
587890
582921
581244
579082
579063
578595
575505
572944
572610
568781
568506
563672
563588
561246
560110
556548
555624
555508
547337
547181
546838
542026
535726
534492
533185
532603
528147
524935
516096
516012
515034
511400
506339
505104
504412
504345
504005
503975
501327
501325
501260
499402
498150
497947
497061
495445
494314
492877
492603
491576
491028
484615
482789
482383
479720
479088
477971
476436
476124
475685
473608
466661
463389
462878
461476
461397
459855
459086
458272
456998
455611
449384
445334
445312
443711
442848
441746
437834
437561
437519
435068
433270
430513
426950
425352
421991
421338
418075
415680
414634
414625
413722
413071
410162
405215
403872
402442
400463
395327
395030
391649
386774
385172
384842
384522
380662
379701
378108
377709
375568
372763
372717
370966
364421
361697
358577
355545
355196
354213
353683
353515
352634
352217
350621
346457
342351
339816
339797
338144
332251
329878
326468
325438
324118
323203
322976
322478
320304
319456
317830
316566
316014
313500
313179
311160
307908
307628
306982
304535
304331
304002
303268
303020
301676
295934
287357
285516
282291
282098
278180
277042
275821
273957
273547
272054
271481
270200
267267
263857
263456
263345
261615
257519
256576
254480
252717
250239
243926
243461
243354
237098
236927
236274
235027
234880
234117
232087
230747
228978
226732
225756
224740
222433
221608
217057
213224
212669
204831
199447
196480
195992
192369
192285
192056
191227
189478
186509
176606
168152
161795
161219
160990
158055
157842
157540
156624
149120
147114
146303
145508
140663
139805
139259
132987
131594
128680
128670
127865
127107
126139
126099
125160
119067
117802
116823
115297
113458
112189
101220
101071
99819
99177
96953
96754
94266
91807
91582
89758
83694
77959
71943
70212
70088
67936
66915
66756
66627
66352
65804
64872
61963
60422
60069
57104
54992
54607
51151
48919
48466
47072
41428
41298
39047
37233
17932
11705
11399
6940
5631
4824
2123
2123
1753
1596
