5000
603621
608173
262945
895132
444180
851866
127245
625550
585707
599767
699113
647257
40060
185175
903453
973304
237995
706195
201401
148937
711670
265837
360001
555734
595456
304463
874386
895175
366329
606117
45249
414279
546576
994919
504318
154407
529309
971054
453325
717706
174797
227775
547163
690102
856262
706997
436061
990285
325913
425161
448155
881421
620897
770153
264100
484203
376513
220332
595250
967977
515765
607859
654217
1852
670796
872120
500303
291484
512563
449990
588953
902515
154213
967439
318707
970192
565434
550686
607426
480093
910127
205046
967845
721250
485511
907415
893593
619540
670776
308142
314265
591744
814896
479225
948957
91253
962185
496372
204589
773860
145357
16669
134262
734080
345613
674975
814165
875094
71255
718961
444122
896398
249769
793676
746455
764280
943601
391016
966104
552144
984836
862641
122980
376734
469323
744628
968201
325258
474209
760943
346015
371564
676520
656918
152836
904520
332671
855261
251723
870804
574649
267020
118174
645812
80031
170022
442601
889261
2705
868851
49336
867624
278443
961892
368574
851022
585661
775122
11816
948010
967476
576919
419466
859888
928812
739848
135531
530351
566012
221111
898389
238348
912428
670531
102120
798798
999025
306282
803823
645389
85168
123244
507928
412723
330900
831751
178350
390071
213822
612229
103409
982208
1634
253234
508869
779232
465373
566764
48470
583253
755179
561143
630196
92700
453727
624919
267334
432842
362742
193526
49502
167279
536786
544651
83876
28603
695724
958391
127200
264332
563926
721304
66924
514036
362550
911768
449895
777132
927617
640765
669195
340101
865383
400037
125399
776576
14227
811428
657180
931798
696973
956035
495354
313978
491029
908768
412261
565089
419800
483518
236076
326928
282416
775241
671773
989237
931608
539002
113307
291846
234635
643215
674037
246707
735224
188990
724855
79393
236525
192719
215586
273740
668820
743504
109665
7074
685951
96009
312026
940462
344520
740208
426058
365792
313654
422883
341053
606577
672518
266822
988482
547836
758623
553147
994987
721373
854454
866758
103604
607025
710901
837970
762275
343990
856291
315567
669196
904358
986534
366043
181877
876508
78210
294664
61816
700917
451758
271621
324329
762680
121089
375666
83974
664143
459963
580816
715799
324981
582
52977
602835
616179
579737
68758
436464
162116
665628
46203
220819
779397
700848
402853
678976
894057
217817
663748
623590
583439
80322
499847
930533
671982
703449
507725
147011
741003
934294
6130
488135
488171
463462
812056
9245
819593
707817
177271
824249
753265
975327
582038
563928
815591
937604
744690
684647
652123
997612
252117
645627
249033
762982
639871
787110
722667
637756
98912
905597
699550
413006
369519
526246
522088
962457
267880
698527
593161
842471
527431
329637
458069
524491
541080
944763
387005
583462
64078
44603
361638
708416
824162
680192
363730
158157
260735
388512
655680
867867
324175
705454
162441
733972
299270
638289
422993
752359
777398
870467
382898
714081
180106
536606
32851
811844
639135
583073
511265
161335
853935
87979
359377
986630
150485
681583
946270
20606
995665
811433
153177
184332
150937
801294
886020
469292
222720
123542
51002
796784
765139
767859
769269
763727
52097
259765
702325
760327
796603
486197
712065
466324
221150
962581
558718
801881
304990
196783
679439
898268
339426
247900
19659
199128
386117
697250
791278
587169
705056
843613
869546
531333
704461
292201
385905
28161
341627
39713
833089
267742
982937
22163
635374
129859
251249
806452
280408
498703
693810
294294
554169
760021
508950
878702
287505
942272
375351
547829
468104
282413
300636
742102
152911
142903
361848
723815
455861
506421
219268
494743
609692
561013
919884
845384
708495
475485
679418
631705
646650
282439
651651
533660
329766
326711
103942
884047
725677
629707
160718
754830
311562
433974
709878
877950
537409
419314
679647
272322
600172
711118
844317
706905
565845
292484
901159
212188
203987
291416
14902
495995
509188
148274
336180
307698
241767
16540
900271
967897
20598
927183
585508
277210
393142
626732
870494
797554
464019
583134
359873
874759
679748
717173
163033
511815
782032
63911
779905
912744
45130
632284
385024
227793
115827
482496
512693
443232
908619
895107
538788
675752
407080
857115
55036
29554
131000
540905
541582
399792
699352
595286
312504
436468
887284
621174
188294
950382
99551
450725
838377
798166
658536
434730
278182
334829
795632
427683
27363
423601
845508
245366
674030
393694
153512
364660
812592
45762
816142
391375
602557
955472
47491
650015
910168
808442
107701
520971
867440
441236
887749
662538
948052
832924
109388
355065
150862
132035
829366
170410
706330
313697
278166
172100
133327
921388
172737
747981
240684
655262
67363
144589
465789
660108
364504
977928
904596
681622
364893
417200
250315
655540
322826
625295
528963
350478
241030
413696
165916
779425
202999
936798
466092
257845
51321
805736
121103
528064
417436
269908
273256
845165
235676
753771
8766
224706
743394
79212
824912
294667
534430
602737
164664
722733
951161
960100
988741
956842
120323
695815
980816
20069
144520
819960
966062
647663
354035
825617
715048
922778
619090
952436
244585
466135
157198
845163
920225
332557
559005
698295
477175
124365
196547
498570
466228
89837
188349
891097
548516
676409
929087
645570
660025
290551
799468
78371
438310
655560
810446
602247
942937
581684
989239
88157
163668
815566
303961
861085
386428
903349
841504
237710
381099
291206
128747
894233
45355
654071
826191
898759
587085
629046
290287
276448
510639
790805
314189
765533
903996
286557
316769
617152
562988
350256
648374
983116
465345
972348
747063
866479
987515
710981
165664
994142
470530
764676
591451
795559
801783
292291
520322
341932
914364
852848
584576
203946
775913
709393
298109
42502
788598
512097
668743
752954
619268
185848
802398
477348
661623
116568
132209
616653
1055
483377
91264
274520
948062
131903
422343
142858
81937
253608
848582
343058
550228
444680
841289
193564
132325
247240
683910
921271
411293
842931
17791
367956
451858
346
928377
891537
330725
220176
746354
656270
349915
904216
228690
157574
433133
380267
104067
974239
534806
254862
203503
93489
687900
223546
514248
551442
425349
236059
34509
481362
577461
840748
337653
284643
338683
736624
623954
351472
112522
421517
86022
563155
647686
977704
289063
264612
118850
966101
520200
459339
514457
839894
189253
403678
97651
460731
199161
857145
848568
705537
945464
594958
352703
750293
296181
502314
842128
558433
548649
440737
884869
781132
441788
485160
377154
216947
747884
133079
749219
844121
261414
77616
280616
423837
487566
872973
84921
510028
986451
825331
327009
644779
259697
949941
864296
386614
928027
467954
391346
916388
575229
938653
69068
744484
970970
671280
696267
492143
73046
628304
266255
928555
611531
881014
102685
890351
124608
216674
485416
924209
113283
885404
680011
462306
891860
245376
768257
393807
602668
444992
529452
809768
539259
772245
313158
138096
787640
478689
343930
600249
713016
900324
600362
748768
514620
887142
414842
282772
498637
44691
120979
411498
407884
697044
796261
378048
432875
601697
398459
578909
274363
812239
31851
406226
571009
219420
472475
715068
858604
796111
696303
511407
632326
731008
481248
718553
438239
33242
825433
871880
227042
599199
563934
836540
762440
272398
644625
256035
491099
190512
779997
649373
241587
971043
307477
566799
706592
307174
849566
240892
339483
449099
305171
580331
726019
878507
160272
340633
516523
625232
413410
397033
771091
282082
58537
882819
127861
736692
828015
961757
388405
582963
994373
198722
715329
928156
53023
771880
397301
321298
838712
994256
740794
939646
399975
168413
343418
356993
464686
834642
854942
945020
456877
765865
313776
435493
77773
986184
575851
93677
48393
740500
932784
532916
782969
613891
686472
83069
700211
822861
42534
909744
237792
419314
982003
406736
749022
456478
381067
911190
749518
43273
876331
330205
872368
43603
755226
62627
430511
68537
886493
944447
832726
956021
982684
37238
767325
802704
804572
367545
507544
614908
339619
963677
387976
848983
722064
101223
219088
608436
636950
993019
154652
768100
615785
371489
182610
517809
686006
456830
398579
896218
27672
507592
216513
119509
824505
579929
201509
292207
631996
572511
465604
150255
44717
814755
545540
791615
492973
715252
626456
181582
889143
732198
837445
661538
490035
213985
52973
433178
305073
555765
993732
502347
19478
900938
325380
450015
60981
648514
638148
976501
742312
834765
240683
235287
613730
914150
698567
47428
214792
28341
641959
611568
591042
461402
775246
683547
747989
702605
18257
754652
514165
163150
9884
52459
253476
43364
627330
548046
298677
671164
788783
731617
803082
906204
938425
313918
992381
290403
49786
906767
3075
747094
315873
545613
372429
530898
368089
931435
250753
605624
6410
374637
509669
939003
814824
64498
289405
188033
37675
988969
899323
796776
543201
613523
999123
743637
526879
811488
31227
345385
531444
159000
77664
494069
845407
456793
960336
307954
649565
470665
274544
141878
52552
766199
430600
547507
936060
797379
690688
124765
379523
224064
157532
807153
810207
509496
257720
730145
520037
118218
344890
65882
542801
430110
571329
622763
177618
11545
532232
444506
142211
840047
755514
849465
556803
932803
320663
226163
728682
969305
244496
443886
840547
908967
485386
777274
991582
319999
728608
135845
410596
461862
290870
44020
318486
231068
488481
457020
197619
798919
18010
297694
978228
145486
822931
406639
545777
656046
473441
601566
532921
320763
249003
325940
376416
292597
322307
587665
191703
348622
899529
10481
313343
78652
760737
748723
517848
276039
488304
259142
878063
932091
919816
754696
552748
312371
311695
184065
371514
938608
456151
493194
796869
107995
483335
371890
376993
428992
221431
635848
677532
21690
455226
102317
505855
771472
881387
435208
533107
867296
528179
861960
16710
312661
772282
65841
699040
961597
291344
980939
711872
302641
98133
704894
76417
552152
568359
382801
538010
679566
144365
161717
954594
152773
265800
54846
710950
836959
835029
949591
285541
30531
172065
908496
654932
6538
986208
576757
494120
307824
782765
192958
589402
857649
462438
803135
777159
241838
281701
691387
74052
424969
5359
147473
146132
482498
733991
200242
793941
334931
251677
679546
315990
236654
424039
967524
543477
785382
910430
760406
56077
929577
149687
937642
610810
376755
201887
80625
54352
19232
441816
855747
480512
62534
291211
178434
495677
908456
347170
148405
99524
223620
316335
389170
773576
841038
983395
586355
115924
495628
280852
38229
941450
566552
138064
581377
26141
153043
956689
438332
907698
250033
146543
556828
501593
312128
890583
403764
629961
542681
992566
19689
579055
923515
641070
510250
2809
381450
62994
554489
812120
242828
775179
121469
74633
850822
872850
504789
9138
676264
925942
174940
396713
941154
76820
529488
831642
65030
91061
626590
927559
878879
125126
872558
326471
158943
527372
661810
169204
324377
44357
455864
7345
67840
138145
581774
998596
945410
717306
33219
932373
655504
532942
233578
881933
255741
128292
56164
718245
432499
190538
979925
51784
68555
249096
481899
793366
165467
404363
108860
264189
831326
407157
725983
595295
619192
228510
813891
958562
238155
756576
700726
66506
925964
644825
640587
494260
881395
469298
638362
914803
68477
604036
279796
483883
309712
382616
149383
636999
264923
601566
40361
916749
675803
887065
402118
418475
564594
906308
869472
468032
236276
296734
622204
663045
531187
947432
841999
577901
873178
466143
200941
940104
461348
356706
9985
827468
599547
649235
125009
940565
562739
567723
331396
946002
584870
856900
535811
3534
113548
880289
65626
986427
390423
155685
670655
138906
324419
120435
702798
180763
316277
499426
489269
901400
494507
685784
652395
337031
614225
351752
317437
274705
842844
494326
645294
553143
53785
115910
112346
598470
942606
489582
607691
574400
175491
652646
776313
511309
918468
764206
683670
219413
31394
755126
477065
493322
768328
48468
278067
36300
500844
348489
9048
827240
90399
713898
83944
979264
663078
11127
246649
673225
51816
275913
937780
648001
977384
822535
887220
176225
898776
853818
877480
543213
568125
583973
555732
135347
845110
446999
57655
953078
951517
240897
229982
490079
271850
878987
216625
293903
392780
567994
384360
267773
993497
124996
668635
993336
265667
888424
849832
759122
306895
666310
402672
61855
143385
98081
187281
152735
428951
388326
86320
486490
356855
637336
386026
414915
846523
812623
484188
777130
323827
133813
850925
706731
296473
655360
48515
751098
72367
563858
357509
225669
268997
738411
919212
713576
326351
340171
615250
616528
711999
994871
296451
356482
226419
176156
719162
138973
177477
868078
40628
334341
889684
824478
666257
232684
304314
706
580824
601994
722262
264397
377128
937795
364594
904852
583063
59804
781101
926396
990767
201480
483589
331691
912055
65891
866608
329285
64673
648452
741571
558343
751999
35059
985386
305549
308017
32396
665493
973917
360694
168309
832929
837231
706007
892264
602850
130028
203348
473143
152549
879362
74319
303457
228109
79604
162793
685785
996589
692551
627450
189383
686557
270797
291419
389126
617961
565529
353576
342239
628237
783300
916973
215009
350276
364616
828711
284414
291363
718194
109666
610787
980889
693695
644760
495853
946464
93913
560502
836919
722857
848802
494956
488236
473474
564931
545794
868030
488697
239577
156839
911037
274680
437082
284218
799438
962359
791690
488502
11376
820347
831672
740095
964055
716685
958324
946061
984289
177490
268499
875504
861589
192814
828244
76463
853795
377427
220441
151230
147554
647813
294152
476131
863482
402191
601565
243878
903404
671609
723919
256568
249983
61905
225405
666115
79992
861952
180861
948128
925799
140355
878392
738067
642632
166367
209583
394502
610209
647574
444644
651478
708761
59263
846785
138214
982641
267072
876842
900546
34298
523888
141342
516043
690728
208837
868039
960960
579902
327259
560538
994831
854414
533723
788137
505329
221167
397568
378255
874834
821094
89058
71003
535920
139798
286662
97386
457456
443983
491499
875520
218321
692650
184044
528064
646506
899102
888223
103431
995971
80124
940876
742585
677811
243458
236398
394914
403235
516923
873701
129599
25337
315732
975080
13014
183914
672737
812593
616138
174673
655295
323041
406024
387945
469197
624452
836097
871078
7998
399291
521024
185827
9276
381085
646070
666708
338351
675401
531558
832072
632843
740861
339115
670186
619249
532476
376607
457316
482912
937023
669689
55418
779530
482762
996677
63415
713290
626453
983123
713684
817215
339998
613557
188605
604978
949510
518128
222137
392576
580248
225265
841881
123523
924515
943680
919072
26018
860563
335899
708099
91671
890286
355684
854126
853170
856589
957397
261244
868167
907709
562559
356270
977929
772220
936195
700082
660681
207814
199107
57809
351234
699813
863388
334005
979056
755711
45478
917999
466359
615501
978071
861577
996115
982944
993187
10128
200841
159863
347735
948049
864724
305279
890878
677652
273695
399718
750298
966506
182258
212978
6914
543915
652683
857061
790211
934419
97563
556690
985815
425059
847073
299562
881113
153975
901854
56934
850512
172382
949569
867510
227427
931128
156714
627248
717721
568475
541828
332712
508690
879678
216507
632514
514762
138611
191680
945085
580627
864421
268785
579892
907779
660255
570481
838553
39233
286679
229672
24992
636117
899734
510720
472161
767160
376305
133264
849885
750280
371070
943929
193879
5813
169469
899686
404432
824780
58164
255213
285474
462530
137870
828056
762853
838513
269244
651564
83718
630170
453092
314260
904918
283887
199363
826723
211605
417571
497333
969604
538026
521027
572076
430952
830235
23794
224318
357556
849205
788778
903440
806072
261437
846121
314264
874456
966360
976123
718173
225352
921219
438597
516911
937663
604116
290638
420532
582828
339555
416986
862151
700197
59869
740504
363196
36700
951259
788184
944984
515135
526761
369200
834450
556794
341714
574406
724624
575223
854670
263124
79712
281055
461297
989406
994704
831835
108565
358134
709615
859344
795802
202440
262641
297777
933014
534265
354381
155761
827094
822222
8539
505289
22702
922316
307204
660182
625507
884079
996676
728782
53709
693697
560980
515259
355389
921541
224655
674435
427758
991779
568409
732253
794689
288518
338644
696443
187311
283751
910747
378652
756678
413274
191923
409313
689400
91498
99345
646962
298132
986280
96364
948915
384439
718113
113178
297072
762915
984951
391618
426231
804880
837356
465895
437513
258177
242094
134986
545396
82835
51222
609620
9047
514986
795948
782986
538477
268743
136653
28123
450521
992617
534913
600953
657033
295845
395393
854440
955246
583866
768636
935333
781723
90174
63301
482889
870382
806243
396659
388248
798369
515455
490841
174652
736561
516748
140035
330113
198671
386218
104283
219202
586126
617479
585530
439892
158231
788789
741056
985977
899032
834380
796387
907932
436604
108850
949360
853449
736261
309837
965362
655339
664494
553724
553695
158000
789909
766180
111733
263345
325363
223628
284703
252503
746812
409987
994063
81230
880793
849681
924114
825520
454311
299625
349788
714595
848870
174382
664986
26572
536269
575397
982421
142612
928754
121746
145436
765277
662892
859713
334209
240678
678824
410581
391481
326470
745539
743795
318647
682115
656714
314642
616072
69214
808840
938592
282421
775993
510226
240606
345476
626332
253440
630607
788171
794586
192601
392630
346311
452153
315447
774873
858874
863844
915541
74569
407026
194900
251702
516713
482831
955385
20171
741244
414540
431196
664009
285373
312112
44510
262829
866048
858809
644106
758187
345786
569076
506055
588830
949821
436314
865645
729683
339858
248805
358832
238255
167633
7428
619419
429927
216485
353716
418
983550
858200
998225
787239
729559
287065
553419
891417
944498
664944
714264
69285
927851
665748
372252
586420
649912
953943
35539
994731
792493
397441
673145
543451
991486
738053
898839
988130
359643
864659
760127
981020
96403
211355
563671
696611
886930
603044
520378
920062
381582
517225
927846
272548
580704
480683
535869
373129
320380
852554
449566
65267
7169
917013
74252
991889
950893
593719
953072
563419
82294
947196
398188
382263
754696
922094
376179
322645
532189
124690
654163
970674
439135
94720
533850
237212
451747
783143
746084
104078
956201
822921
54780
463328
991308
102693
195612
206036
946563
113788
255243
318263
912726
955530
325813
698333
243159
853295
90774
328556
643781
14993
926077
975071
67955
315686
604372
385541
995640
605664
969297
694210
899888
962161
259495
253824
389858
130768
978906
435587
809047
842176
643808
110387
654632
613120
417680
561376
264840
928406
206511
72880
750269
579199
660102
361570
785549
625101
687940
529197
876110
94761
768071
28794
913760
329089
547955
942899
619676
909416
639984
989579
145923
37142
913397
955861
676874
765026
531323
904699
701476
597943
562505
757376
187705
116225
661654
933236
386957
556439
235427
286523
465555
418002
878412
631521
244573
775504
695887
518041
284044
206438
177012
563258
761807
736973
873822
707374
380371
683093
162876
767324
641932
373291
679233
972493
920054
861317
459660
411955
480976
330336
220757
322892
881369
290389
994129
427291
939529
448539
258153
328030
834829
195166
527243
512021
19278
589493
636735
894573
730034
479099
283665
547096
766934
96733
86390
158437
739638
231156
148842
416673
821688
236354
963588
853745
617669
458918
108935
570686
970323
750102
111870
330655
213984
902816
951111
971534
228162
525924
178970
998878
802514
305298
688095
911209
625858
68938
764076
43566
802845
500738
504519
514288
721709
825323
21665
550899
179284
146340
67214
665725
182523
427833
357294
212073
618929
869396
948256
702099
609950
674298
742542
175094
156
94293
239161
41458
966593
217374
726166
837517
4596
709738
691285
954627
389850
113636
281973
977901
184316
948421
345779
773514
394215
283150
148337
519584
46501
111311
637982
183905
605780
286598
736872
911396
782547
87496
788301
614612
166652
664968
970491
768553
754556
274462
981002
686311
407036
753744
463403
642271
578339
393701
729940
54311
684648
154239
262278
39944
170927
917359
373892
399986
521362
353511
432179
98734
711966
373461
529718
917905
951826
874193
67375
332094
743268
146489
269504
123026
88064
263175
544310
743069
827679
448821
242912
304514
234957
412410
946116
258401
400671
863457
982360
929166
468848
835508
754216
799670
773852
212001
827318
975981
626698
535054
604427
904078
409436
237156
665272
5807
699725
188030
503419
164302
225260
777512
497876
667603
624245
413054
909346
561426
227710
608023
116602
96941
596566
947918
34640
771231
808993
621019
788519
864834
350350
962536
162789
950139
118044
293990
162703
763095
963839
418857
681028
50776
608368
798918
260804
485366
705369
91412
242423
941496
648655
157997
351023
447721
727075
944667
19931
74516
36419
592433
834185
516275
928629
502577
311889
459563
878264
6447
793239
298039
700836
449080
943034
314029
165260
192750
68466
342829
450571
374945
357285
897180
860528
922880
1895
492512
662862
241227
641680
782362
422282
291548
998131
876453
578230
102931
450569
489766
922901
968614
248991
81047
59343
521853
572761
969791
783205
548686
839717
568580
338308
88811
327053
592593
840702
643157
596207
733803
620395
468158
273551
968994
589714
920537
202419
27254
913157
88502
274889
967024
564327
846761
906069
487170
298342
461565
229608
976090
951804
26653
280104
796980
862997
395635
87729
983744
453529
56419
86488
959246
709210
746512
791406
882907
574602
450048
193077
412839
206002
221
122825
74624
892600
321940
261612
947872
73699
527977
346318
230892
237020
615848
722415
77528
908850
440223
541891
258873
223651
665517
634582
752735
616852
408081
392419
327735
748270
410982
31168
300101
716291
432568
56693
108295
758607
786121
295766
528740
689222
117648
273598
588186
477491
335562
688428
100484
202590
11015
192819
293362
30742
972526
697368
777412
788091
853200
793569
913463
975004
517323
547568
440648
482977
810375
21761
178423
8806
172634
918797
968064
596341
785525
717480
455542
158267
21440
71010
539694
469921
882577
795631
957935
355129
928968
710518
640610
719738
522904
957477
107893
52729
334985
88958
673364
801295
179837
206362
60768
981548
715337
770732
857032
303829
932331
786434
920661
99940
382193
904914
880705
282101
647459
876446
137342
25405
117465
405828
195228
485948
94608
637780
899915
135069
957589
397703
51463
687090
996356
322826
416692
321663
531593
110338
954251
344380
649233
275478
169757
610173
682518
730150
247547
336491
239153
361288
207802
261661
68269
150034
181890
266891
696857
576742
962029
187276
815000
34539
823572
411496
188543
468257
572475
868294
362419
167303
150831
113512
642720
761828
87806
802744
642721
463136
486450
267852
637704
245812
791164
640332
151872
154849
792338
797115
933590
878483
267775
452487
238623
896620
399897
635825
358620
687450
332375
340619
515054
119945
277071
824423
733298
314905
369456
815988
717889
503683
115541
423529
330161
454708
188019
299422
582221
995720
131088
992831
900312
594303
68800
437651
499791
890700
716821
803301
468767
552363
363990
614560
94760
574757
582581
136298
500873
218695
237435
482302
502605
117295
297319
244388
103250
429298
848136
702017
753483
155909
101776
789754
239732
292060
556052
355888
704375
436275
510534
328832
479954
479858
309278
853686
527985
100692
737595
312095
103244
110213
625199
197187
821745
585115
706646
30380
549869
638391
492984
994868
600918
389655
207274
953272
415677
130005
836481
114659
743428
109783
535997
15441
878954
205266
604346
749915
108461
823161
38916
292753
698843
231054
736428
296263
934562
381388
787750
605271
827699
871420
97908
603043
602654
963806
966431
29897
931780
175908
203636
641982
744202
839766
637846
412287
422504
334716
623658
170697
5536
338602
123916
542905
412594
229722
65008
360847
967149
778542
241095
226771
671349
702850
664860
60962
956577
40783
982806
856833
130163
897178
354541
987552
888883
122213
525009
12985
383606
862024
196854
222442
707409
314714
191418
2697
754274
614631
50182
701553
48130
773623
802982
439439
269404
464251
946585
45967
973460
563119
791870
84958
182349
579102
658757
658776
459926
115427
167904
221655
206008
239224
125437
970536
611151
674921
625098
449878
42200
286751
672630
490748
749936
22250
593343
152754
347849
645038
393300
210473
849070
650821
727969
163833
568891
517506
243069
167860
614941
721233
967234
173333
605926
724865
790073
989135
117023
166298
885073
81603
974663
876525
626576
270741
195634
544090
878562
707135
762915
902818
827211
96992
631515
967071
924947
701646
2385
397831
870603
773075
938233
267971
976695
474944
492712
107964
936332
903051
279830
996295
879117
815117
148599
383313
482871
967796
596821
476969
825756
786459
807142
819163
943770
912172
154697
746182
3612
446002
75438
234812
894720
928924
190291
327842
407817
828698
487968
116027
178769
618268
127279
795279
714889
641430
590205
701402
267145
176152
918274
315400
623868
791539
587924
714194
399796
985101
293008
84570
313509
635832
444200
59089
418568
312238
569423
446285
885112
870731
411957
40910
469354
939911
504491
363662
364288
587660
452663
506957
781410
939071
286482
543941
932952
566554
854387
721682
322126
189075
628892
824649
763803
14653
871133
944074
410655
635956
129603
233856
343816
14290
739296
241832
75234
219168
37409
687094
760567
474550
58989
114957
437004
328437
486301
387306
220287
40783
915152
929607
556910
633636
425942
190713
705943
990364
833914
557424
301859
813574
760784
826177
380547
177120
534823
899147
827166
81833
193068
469505
652201
505071
467001
427148
79474
857963
363263
573624
926286
499473
338296
387822
297928
45759
711243
429882
789378
916857
44079
714299
252946
387382
943304
241
521291
626016
758797
360741
408531
125656
507812
140082
470349
705715
793585
26169
341467
540580
474001
681904
600912
508025
710088
725683
198898
951913
496582
153809
795811
251868
615809
210689
717616
439218
972742
668209
923676
918405
985979
432907
798069
522493
573052
774636
601402
785999
95269
892410
312022
769365
568021
549845
499632
452146
513104
48596
590390
247033
685135
241274
765647
100453
350019
758079
43169
878350
725584
591978
276608
263092
292278
594192
956541
679716
277208
315977
302409
757196
153572
715724
775368
703406
377801
682701
649410
230691
781598
713974
312233
686527
488901
390782
968573
114575
543521
992331
619428
396840
681893
594243
982949
20987
916836
910200
270810
691364
260024
460294
173213
64310
879882
716795
716569
28488
545065
460734
462089
537466
517423
522542
359747
264695
446082
64537
71121
899762
928010
842161
889831
464753
203591
127655
215374
676710
562607
395062
119945
774239
548883
984029
116913
53597
296400
3341
261503
906712
44613
392724
105668
457663
53683
834794
125176
892377
46507
185936
67695
740819
791176
299964
411568
575690
704174
99304
291921
657051
480267
239864
917744
967179
12755
69389
975849
586463
760704
706308
367126
22763
989919
179123
186515
532451
43402
904199
295003
401320
240138
601649
384454
660171
930927
929047
561851
971604
708718
5261
433050
642020
738345
449315
633444
600082
797520
490709
645383
569975
662146
885322
276540
443262
380740
172059
80851
728935
350491
233404
828829
745695
294632
616287
229264
632532
461079
47177
224185
92669
576837
380736
868075
901655
994604
118830
933917
439885
621682
821120
522130
15646
608525
548224
871395
441165
57303
205459
487971
755661
62460
707324
156268
342877
615882
226845
723583
349729
154948
265033
51217
795626
964212
743223
219918
148387
791205
611639
673554
483186
628703
54445
820871
91377
881908
714623
275234
84361
874203
428171
503364
805235
174756
502907
512107
481786
632154
204425
287486
791648
863472
775724
745574
211962
540019
38229
731454
240087
543127
343424
815170
296994
946628
230339
39288
257467
15744
617152
663679
827387
936842
178215
786700
614810
586015
302070
183547
585760
149375
215998
634539
528679
345088
716978
841402
229204
231860
432930
556897
604199
832987
954242
105970
558447
514279
765155
691719
483115
526125
571488
783575
506091
514958
851627
991288
264200
484008
121066
171318
85424
162440
931003
786983
382299
637212
957572
332997
754627
697604
819756
856937
497448
246078
457324
794695
53343
848592
520278
265171
947453
179587
20059
971980
546878
420411
7703
311139
20903
490637
178214
319864
271765
566554
54399
72791
216002
386457
495401
244918
67320
167577
515446
514526
46410
884146
427327
848230
455197
890765
313503
6726
625752
881003
861230
312745
567589
826782
605823
63477
467058
585474
980695
163008
648826
695228
634178
427250
37132
498681
375884
27242
912444
687162
401371
885455
502288
813315
357131
508651
374173
548926
538540
218945
5780
999728
850720
485078
512530
243104
724235
701906
745580
677556
555188
626117
945564
734073
185285
491002
727281
489245
465255
626460
637766
452633
642337
368713
337173
690977
832093
21199
798125
406044
50401
396838
961259
104747
831219
308140
459284
601243
796536
426415
749838
737679
28295
991987
149585
623537
985230
341288
195465
951848
211062
930502
51048
734376
319784
767294
901132
412114
369331
794694
114386
641654
612846
882735
294574
591966
410051
883205
659977
656440
980221
271633
529109
480126
575782
629706
967126
614819
913948
788289
461635
885041
765118
936907
12026
831609
347540
825156
690667
982753
589605
192901
21371
865688
825539
169052
165123
758294
800860
509905
596454
926476
281452
908641
485449
144241
721163
788162
138091
33925
129850
802447
210217
121996
682664
437625
38015
442490
285500
58712
699084
838244
803563
206243
380701
102543
760504
488921
410924
970474
447729
297663
23132
618394
533280
652181
734163
700632
837519
841642
954254
438621
280156
353550
820419
687052
164438
787329
924777
772810
706366
507414
825951
263072
139983
906799
46274
283990
308199
302887
248552
700399
578568
609468
464341
39777
948636
102829
439439
323653
588410
977654
820673
75413
402161
471313
429913
574583
273142
647393
3403
3329
254089
587736
895050
199047
928120
611613
212130
476565
415624
811159
315064
633295
257853
944541
146984
448714
404170
154731
473824
509470
425011
496962
529182
644221
646151
989462
379289
536348
816415
458172
102930
149591
968313
362260
782124
883565
383743
828410
723480
780375
3290
506545
726963
47253
41256
13589
3260
157360
63391
658590
545418
708334
158203
208242
801358
742818
55822
145578
539864
549418
650570
624825
709817
915437
214562
186005
684437
650793
525519
662143
818456
777163
926514
224188
578753
780743
7988
461334
194435
158510
292623
76983
150425
224813
667034
245080
192161
407899
378106
470977
837151
916685
140575
27352
208436
56090
801070
900859
373642
629455
339425
979948
324083
796408
423344
552052
762623
986532
746515
226700
933983
750636
667887
54605
905578
855822
812614
967037
477524
556030
172736
74586
638159
736199
645067
656693
836475
604027
737359
154156
9936
242344
463743
301023
683740
982531
522416
347601
36315
856476
216112
755895
258656
815661
890043
103777
548907
247831
365678
186126
372605
555127
28825
99318
152515
262624
142976
952877
814897
338023
366586
437138
517530
207195
4485
395339
129312
742308
129483
418231
203296
841538
137932
295762
362879
283912
276948
876496
511800
835667
668029
589540
427429
972118
894355
989452
944711
505128
833774
492607
766940
80288
832075
430083
908465
946808
147061
932783
487841
949513
306361
858513
585149
666395
964016
181309
499206
659911
753360
689754
903
214212
77145
357971
499621
295055
920407
719423
344650
103851
303722
857464
344560
574234
199724
361062
508781
901743
547991
770822
859124
314011
763938
34932
840715
137029
772968
308905
346303
678412
97739
485734
500289
253704
266458
231242
692483
882945
134927
542291
91022
28809
79591
826432
736231
757440
355663
792727
896890
605115
959406
322083
485924
241742
493361
655143
624656
713273
342533
884801
689145
478038
433660
617460
323406
151143
572877
691131
887380
617830
461906
205175
779197
788395
658417
469477
86466
748961
225716
497336
415663
796406
804102
297621
195346
181717
299142
750077
700287
304967
15180
114304
254326
926227
186652
54122
165103
9919
383600
714867
915512
67164
729638
11746
493214
876886
542678
214782
904892
611702
227646
387300
289862
735845
3312
561473
821569
539593
921007
288679
878846
658323
109560
768678
36067
402349
388983
751828
231733
689594
250632
690235
747278
855598
987914
289018
16846
993263
946451
922864
964986
572238
623403
985890
430568
858485
545108
893826
437892
214227
265408
723935
888938
152149
509747
791443
356663
330095
132307
314948
872177
942281
109927
609768
211206
295578
521244
492917
711531
326678
310544
341886
523602
823924
203809
293795
248410
688042
108653
930592
565633
141025
198132
717625
54512
46369
21892
823357
935158
550967
170044
505421
667669
826652
940461
555215
470691
177861
86915
198008
161459
351691
198359
981410
458402
156867
309137
735946
588453
601036
285717
157588
771765
759830
204793
46716
500783
102967
194161
71137
206250
509505
381818
595780
440044
468687
675095
552968
329235
778818
875822
715141
685584
38703
284653
259488
666387
629167
807045
619966
561404
534857
391218
646551
413840
860708
391910
400637
431040
650546
148399
700482
595890
427909
641271
745823
235865
387814
271505
836596
687380
740879
295111
580671
65166
876359
238844
511305
479018
647072
250650
601305
919650
150395
152705
606376
148298
208640
134798
87207
7560
42802
439114
329605
799341
381144
721768
809638
116149
682804
930794
468373
326566
578937
603068
832572
79560
391122
162428
660489
655963
607319
622940
586827
130779
74291
133793
344501
751064
912041
433111
487020
326301
34972
996568
106679
33691
616326
710469
500720
5502
668029
476539
566386
621249
636426
383041
872370
532869
445160
855801
754956
325632
995313
365621
291207
872702
56598
311515
126323
45673
973353
496315
74286
771350
847603
880897
321442
790082
808149
109077
823052
775175
299434
781651
659630
882741
195112
868333
214259
473427
710871
19085
367233
555487
321122
879193
570140
801981
104617
725908
340113
118926
119618
827533
660376
805040
782358
153068
611582
425435
430274
268846
437425
191055
316316
978114
685180
246022
421747
345553
666429
510530
427677
868582
976392
516121
820808
962018
147675
699624
150276
28014
269871
634487
587811
997555
467959
128366
513963
421111
124244
3415
397327
28913
196183
656906
726675
649007
789016
431311
911043
714096
742746
175587
66258
507073
542865
310135
806846
10770
603514
104248
153731
871384
360713
324256
86362
139554
328269
347210
467515
617750
828716
959920
580922
788292
19623
781920
297706
404776
895940
841862
111564
883231
697846
505580
777193
223938
629945
60784
703429
354725
107121
790047
731221
969355
206607
277057
760934
215454
892145
845144
913886
36990
761020
724281
248345
295562
