500
91807
494314
563672
534492
332251
217057
139805
911013
352634
675843
743018
350621
532603
313500
592716
588351
414625
370966
572944
479720
99819
710726
721152
257519
2123
414634
425352
5631
700969
575505
99177
303268
236274
127107
186509
736486
922056
459855
929366
386774
271481
617242
237098
872905
993598
961002
304002
61963
358577
809620
226732
809966
615517
189478
892528
547337
455611
48919
461476
763542
603121
730869
303020
495445
461397
750908
456998
734108
555508
582921
230747
556548
304331
501327
921133
778016
112189
128680
768102
304535
267267
700560
942701
191227
916476
372717
212669
579063
813970
224740
927289
405215
713753
737866
413071
954804
686397
806105
445334
611184
821894
965209
632043
776599
323203
547181
380662
589887
966277
731320
329878
921674
277042
978676
598202
437519
968587
379701
694881
916230
974734
324118
491576
278180
158055
638882
89758
139259
857493
740120
113458
591219
887934
256576
403872
39047
17932
325438
767340
881950
796916
904956
458272
592343
728236
503975
891349
77959
629373
402442
560110
877030
760793
594038
96953
66352
572610
962838
957077
846027
125160
699332
799167
270200
421991
650888
561246
703480
60422
410162
355196
132987
338144
813302
443711
342351
437834
41298
880104
581244
954280
633283
275821
823599
65804
704252
904588
433270
71943
588400
907482
235027
595594
568506
501325
119067
497947
876301
591890
693972
441746
146303
243926
115297
83694
608526
54992
772417
228978
841735
656875
437561
213224
860684
261615
395327
354213
491028
430513
719978
943660
1596
225756
384522
263857
761913
652202
884149
945090
243461
710504
140663
199447
301676
568781
375568
222433
659552
66756
938656
326468
479088
285516
838201
2123
161795
418075
958081
753608
966002
621315
737686
542026
497061
322478
385172
763251
606113
147114
866365
701263
588216
744613
263345
449384
949455
506339
908720
1753
622450
840998
985455
254480
6940
196480
931551
660976
477971
64872
192285
273547
640209
355545
872462
413722
511400
610952
614093
604637
634866
282098
476436
857516
149120
282291
563588
717348
157540
962658
587890
937914
971398
771034
750002
250239
801280
988174
799322
94266
66915
778782
856767
128670
117802
645909
57104
307628
535726
954267
504345
378108
842905
972619
614927
942000
982207
192056
67936
252717
937780
66627
243354
816819
695451
51151
473608
904693
646518
353683
698125
126139
533185
11399
783736
96754
168152
546838
593077
192369
234880
466661
702166
592676
684017
176606
445312
607830
853564
723868
307908
160990
854176
11705
762188
426950
578595
678271
777802
706888
60069
555624
803139
830299
819966
70088
352217
889664
195992
41428
317830
322976
91582
516012
306982
232087
316014
852373
272054
435068
596502
910782
733398
579082
47072
985188
679671
999269
346457
462878
391649
504412
116823
364421
966255
353515
442848
623853
157842
127865
515034
751814
903605
463389
752643
316566
311160
4824
739550
812020
459086
504005
787359
605538
981901
498150
638252
729099
377709
372763
101220
339816
868115
754432
361697
476124
384842
234117
967085
54607
131594
484615
395030
204831
48466
70212
730387
846679
156624
221608
679444
928531
273957
854870
873473
421338
983451
674020
971201
161219
492877
528147
909203
415680
818205
597306
516096
313179
320304
482789
295934
37233
814987
524935
492603
770140
236927
743450
339797
853208
263456
659117
499402
319456
287357
145508
964774
482383
400463
126099
501260
475685
635738
795448
973367
836008
771348
505104
101071
768597
717159
