10000
814627
617135
375017
407028
359220
557230
458462
304284
651456
197553
259484
841263
354270
808860
997548
988933
787761
245066
466007
604750
680489
681125
752272
892905
163975
887153
97657
217374
953864
65106
113638
159392
125087
518393
149042
286992
86425
691436
873644
564664
344462
151722
574346
744751
689009
814754
222762
308630
583472
456446
14325
365717
235527
799981
104292
135554
3977
371634
682593
343247
996175
609692
876498
488399
540997
795337
539895
928710
328624
1660
406405
236133
794346
7325
892336
797284
93265
520237
826477
896304
984852
728436
613540
590686
805222
805396
450283
794319
614159
420615
8303
285618
229157
488825
456041
985764
866731
548054
623014
138481
801705
358006
827777
884758
455427
436755
617650
374828
575858
614088
807608
451369
38668
304030
562122
450700
677375
975183
6219
835214
994720
350874
720852
987505
111967
898053
267470
440749
411418
135296
173314
485894
508029
872145
897884
30470
387326
62231
76445
886628
558909
301661
552260
948544
908799
950903
733201
139219
730523
399688
888286
525125
432233
910196
300971
318097
960505
586982
608402
855503
315628
404791
244516
119856
525525
886548
95962
87997
873194
992149
628754
395015
652365
751640
677443
974265
257363
384737
14412
848516
113900
941822
336246
691949
726516
273726
296595
478740
489837
943912
997530
135316
379411
832484
134251
132316
805669
686338
869841
552199
511282
12627
698907
968151
483766
297140
158753
798124
239506
72390
330945
985817
199415
34510
822462
221250
598111
958969
625209
816801
519390
102589
939443
344289
716121
757240
505885
21295
83435
360044
616293
557960
895984
348171
798724
438690
568713
234811
909612
356913
369603
712492
203477
152153
163164
938038
490352
470518
240486
990438
33795
853023
90515
550518
823818
909423
178783
151059
98416
99757
583776
457267
372710
686196
932168
301944
165343
972744
143624
650257
602403
428122
900127
143589
650956
768253
87542
15752
893257
660403
38494
219535
522750
639461
191397
465399
773657
112698
782809
64101
494159
142807
156799
378945
999672
855695
185503
509575
421897
568587
496420
245238
739639
358452
144459
637214
808075
114632
344358
310878
614776
227324
827946
466451
298479
861716
930016
729318
34386
783451
303110
797387
414928
321722
669541
255839
721317
699222
19488
2958
240279
864204
106119
94122
761029
592350
526904
866987
825555
653112
475438
982595
124405
357136
880262
230720
386794
493190
39612
630373
925113
128760
958072
186751
87414
530969
33431
407701
431147
373385
318903
994399
251150
362062
428732
502391
985621
55636
507200
273731
236625
374855
248182
767839
862812
468304
314036
868405
345510
476813
145162
436306
264505
234676
730307
802451
432937
204396
256222
432325
687270
750089
494797
841439
638679
451973
132353
250596
282946
896302
107309
590918
622157
788438
128066
768815
633487
295213
880593
563320
43708
710872
345971
359705
286185
291699
409758
283745
324872
808776
823755
800877
77041
837872
466346
406281
61191
99605
650990
655214
532333
874519
350279
641718
4552
158431
153877
839465
334089
579210
138701
538657
760284
777529
86018
825119
881965
143994
228231
790945
777287
160670
930310
589468
197884
461182
380002
585075
528099
943691
465393
554157
21540
198791
799246
690034
848335
24628
99690
196070
189540
432921
621629
131581
184909
299806
629948
413823
4317
803403
762639
665197
255605
623542
972977
207882
317407
114212
756080
419690
472043
230028
3
121780
949939
708882
582231
208075
424416
209381
858222
990105
447332
906526
283188
887442
957008
479093
134701
197027
669050
386177
700021
139868
507678
774854
571174
184645
115821
244321
887395
754132
289474
851544
31567
420106
460901
65003
702572
444782
634974
213170
741086
834832
154281
96509
735544
522531
454419
747045
298712
576709
547026
159000
828855
314547
775618
13656
463453
410416
599843
737325
32603
577588
375698
36618
818778
838850
990837
261915
490613
546464
401484
922004
669667
56174
2614
619242
81736
165425
19330
405485
412411
191666
383568
315669
436445
976927
410318
869051
26140
256463
535423
850208
386025
196405
887642
279409
235093
733739
888666
392518
366895
946186
293617
547454
283626
959688
587224
350677
434064
955547
308518
795868
151291
571810
872487
905089
416825
96947
670984
930214
19293
145289
596790
978367
313444
968858
140045
820020
57405
805025
577685
909475
254564
311531
341641
1790
198753
976664
87031
787584
948702
918151
867323
980364
972796
772689
204620
151739
333555
468059
282111
60452
82563
95786
112995
769188
630264
879995
100596
893029
247244
46438
678661
217897
923659
990468
226645
934255
374172
320227
69947
441251
535494
856775
83133
687237
515380
287029
621436
791172
179895
219152
980756
720999
377242
292589
803752
842236
617457
649329
646665
888801
815601
343484
557317
396270
688814
316697
259645
455317
395003
25022
745269
787449
225176
785840
908601
617290
145342
885177
492013
512455
883339
810663
22240
486553
877580
837129
228251
531041
653374
974762
530990
688608
270164
411239
707971
974105
18134
321011
36575
537511
340235
814995
762384
131165
304686
691529
41434
244590
613001
391619
813933
506192
947160
535513
126280
659449
805119
324848
552859
676075
825741
69303
344818
545487
331099
867119
341235
623990
220884
926330
373823
898431
30904
48067
531281
5997
545743
784897
836330
211325
675467
536876
369310
23140
101600
87518
435581
490552
933193
786399
878370
527723
410083
299444
299882
777794
768653
505895
402132
487935
643489
421936
313379
462339
841559
916181
194840
858604
689466
269816
745259
91732
132065
130809
273835
185170
775277
815576
410284
738050
555348
648059
153626
189968
501261
825359
328381
773073
78
529142
9674
77141
673537
49398
223073
764219
837777
852727
837578
367874
452667
253844
91383
369440
528799
517732
693892
266686
343207
38097
698411
908275
386755
910493
245053
389187
758074
57799
596215
733630
803148
776021
374767
620150
774526
241918
899462
665460
338147
762205
921427
435195
533284
572371
119980
90598
97984
965101
729397
955966
904700
350877
718818
179355
380368
954853
605068
857625
244751
421678
619380
992244
227632
310138
145185
733945
282758
546958
920560
430909
225907
75491
457813
922941
50947
440586
885279
847095
647634
408634
566642
404483
747755
106563
600620
119454
428259
376457
501973
38403
319470
722955
918696
872592
297785
63156
885085
709847
977492
690926
136381
317316
620696
658963
933392
498819
748512
349901
718262
429361
392857
584896
194375
248893
987845
830480
248850
656733
985821
381942
875259
812512
408256
144427
772485
26012
688659
78015
983593
573507
177022
459437
980608
309179
676078
758468
859779
250182
87580
11311
331954
439789
403148
359945
6434
951426
155428
843391
11202
593398
817942
433381
14050
952607
149638
391037
787307
202780
632671
452594
79209
589518
748472
636756
540425
156474
524579
950952
681831
866513
344764
777770
69523
922361
880589
202128
999122
155976
163488
469818
68478
736895
722644
721764
453505
572707
290433
504388
736471
236385
580711
293871
642819
798302
817024
608939
295514
436172
187980
433892
485052
735916
584886
160687
894264
163681
639376
425308
45107
779024
766437
23300
1259
847188
929336
275308
302995
584686
711558
499579
476106
671600
142573
882233
644490
750629
995332
268242
366149
360830
481928
722735
155886
613168
591716
73009
621779
318465
798698
251992
369227
35092
117670
613696
41588
254283
392070
517097
2778
725215
762604
139154
569484
837382
510310
252533
932279
932410
229811
727530
304621
929450
335277
668129
303914
109827
338380
944525
494473
633489
212777
83172
253240
43871
388256
171106
890196
452081
226959
88689
306925
907205
653468
834073
616688
242976
887328
833636
811455
732735
2298
485522
503646
633005
749857
227140
887464
632793
135217
934574
531163
277759
782970
910953
8489
930654
991802
513949
979417
547018
20499
532019
900386
946679
716643
420764
131108
355820
834114
41645
75534
384581
288861
404978
728835
506046
667860
168036
99098
1546
556383
626186
592290
152191
3267
633122
245054
766866
644243
412063
546059
474209
374941
665276
255137
902957
911458
620068
417681
172054
583545
210189
541842
932890
479013
858545
261299
117528
374935
462014
620042
755224
612311
467445
62013
460523
160872
359056
545755
193869
466948
719781
756426
904940
533241
359303
522200
765815
227733
485774
111881
56047
358378
234073
317677
969576
885559
607066
901078
644387
761504
860232
91088
668364
423718
564690
560535
224274
11664
46286
385614
53905
913155
795885
111749
971924
602550
19742
414202
671524
426220
517399
234447
199862
755115
269914
759156
344344
844574
181869
481341
761064
770886
913228
360117
923191
846123
43640
613366
533377
272044
940159
964285
337033
662906
880069
913193
245487
597775
944946
668888
359611
830728
661662
409304
243371
972517
668860
605774
531590
744064
731005
103287
208602
158139
225301
284047
933764
36345
871467
148233
412033
532626
756210
148085
837412
115724
496899
702355
768772
722930
545975
423697
562822
181437
889041
557614
244123
858317
875339
678275
669382
730066
735671
919117
305352
353368
738794
602638
803908
826833
574985
177681
542387
407737
880897
459549
403636
651418
480600
154673
760574
301296
858618
478541
118669
534984
300828
687428
204662
3816
68152
322811
132080
623799
356316
262140
837405
717797
431057
470053
371254
191117
32289
72071
140977
870529
15774
610051
739654
865712
9888
457739
863519
856844
777421
105668
759985
798902
963428
836581
450979
138955
273609
160968
367475
378996
124374
491564
241247
922400
108517
344389
593277
928004
582827
241027
767206
880205
852716
402183
915126
7080
712981
134113
624015
710642
175005
895332
805840
785002
77435
176890
974136
941202
438591
27929
946179
285610
401949
708916
385252
286858
826308
444302
164035
798614
835763
221194
813823
457448
816281
546149
555726
376140
429393
185085
582921
731626
839292
82413
693601
689866
586236
255948
158626
231212
117082
699899
930252
652304
309244
245518
914134
526112
241693
403195
511476
297248
423070
432465
99074
517645
528258
466600
30303
27083
598675
556307
826045
772755
409479
775433
935188
359974
889015
344923
332709
247799
150762
824138
19741
510868
596035
628858
31561
466502
770578
32102
588748
424399
821805
719086
139432
121322
129320
122781
334628
237448
659141
949745
589154
770391
955468
7851
26952
596037
547352
812230
473755
863416
623305
493735
867986
11746
306558
449918
103786
591632
314494
843532
181135
388624
130228
386205
98711
236093
201208
302153
580668
576000
982785
345191
332383
694198
226892
626563
580099
984711
551408
518934
79539
130992
333232
774190
112577
412344
106076
771820
938237
902466
552473
498158
755627
243329
686583
32358
537685
124756
892404
380062
405008
969309
254795
1268
138742
889362
754281
827071
76760
791969
248982
710503
265774
946629
118603
543715
660594
47120
19846
377638
268146
57433
654965
563267
388651
258723
964309
219064
624953
503408
25233
666080
889867
409752
651266
287368
953786
864295
600389
790652
259110
98230
232500
23030
993579
961006
391653
562317
436177
549317
947899
112790
627728
204251
855743
43688
456608
346913
140149
78297
368207
277710
764701
903887
236125
246231
51484
297049
678054
459924
866977
245442
735531
158714
881423
46873
735795
876253
459656
161664
883699
408704
465244
591154
887296
783968
736990
153110
358893
310332
85031
437887
337900
604434
489331
401489
117237
332810
156956
257292
46001
639123
292629
3972
934189
157001
561184
870085
345271
964315
310221
281212
469579
889680
679772
414335
855865
488089
228753
113007
822032
944619
28669
657382
999041
624912
817016
570586
462931
29853
506728
933233
746341
481105
517444
308065
805107
930424
612444
157496
25602
513905
383426
76296
506916
422038
813310
460565
813240
61114
783928
910606
412582
104556
225708
459966
202494
426695
137085
612171
662543
18710
693520
816959
785456
984473
562310
85414
887410
347654
715387
73966
804510
768305
716071
107480
476893
961139
162280
612004
225774
224204
838021
95485
978795
320078
391183
573416
640241
987178
745985
856025
617993
102539
591317
606315
537714
937490
272701
940481
216328
810314
830450
915905
960330
726981
348118
530566
42600
811610
4118
513414
49983
413188
469791
1130
596966
603901
513906
782061
197268
616923
84037
950476
877934
71822
330962
69936
144547
413070
913597
397319
124918
761471
859220
787833
27540
898954
484244
656986
130008
135911
595377
848021
17531
88410
647424
464505
589675
586148
882441
410841
335568
907000
568282
182885
68082
924661
849574
737698
932180
201520
404470
868946
806455
346452
420209
657939
879221
751061
359045
273454
330428
675007
468203
555540
726365
918316
704479
349742
622926
584635
103263
369738
311392
359870
690250
497083
717002
79291
197306
635756
713020
562721
706095
882297
327613
920725
486931
357826
601273
661618
325688
934328
479568
137382
544991
380660
210089
431830
907020
302109
55165
726992
705888
236546
390332
130228
192500
862924
709783
525275
518921
854295
337156
951477
938125
720333
621675
26420
177767
418428
382914
225608
249653
594475
436748
884712
64493
374572
517198
539527
601446
62944
631579
411613
850617
913181
547539
554590
572052
13167
351514
974580
10175
202409
342620
788045
801239
681532
222941
39795
259515
806284
354900
630063
449020
192235
841286
52170
609357
442310
351560
712478
615835
578994
934861
158186
203830
710721
807216
107822
697676
98873
319440
420279
105058
321667
89985
556558
494168
571291
36437
859571
19186
184409
508519
622401
40046
117404
834413
684268
971553
332411
736218
921952
307083
595233
144676
643327
787568
391133
644503
482396
189509
275798
102562
564965
514520
42385
472830
713393
652940
171327
843598
675032
192882
495695
771519
246791
722870
160104
345303
242415
512234
12606
584068
338364
417901
519351
165528
390026
944770
839198
331668
752689
393866
843072
121571
995603
668382
497011
292738
936896
524487
913376
300021
599583
395837
784250
397925
924344
289160
745780
463263
307260
450252
167947
709137
149125
428132
569523
183802
575362
874952
39433
583658
673410
653903
371798
590948
52594
499275
82133
280158
581803
702379
718654
980973
912126
207139
868068
243737
398614
126649
261415
686600
259234
476799
575379
862473
210303
752226
58991
845246
943281
144238
295297
950279
576838
642871
231
540784
695266
18225
120435
2596
87413
507202
144755
684171
990351
551885
674680
782386
355752
733591
146751
860284
49538
211973
656303
214791
976395
991651
13272
737411
454459
233270
454624
328283
388162
332438
725039
265203
777680
499294
999361
345614
576250
367017
377940
577928
664867
190329
713721
602134
335191
560029
930904
802834
8668
428570
175119
677367
829142
278953
52278
149886
507255
275670
95232
509091
769273
695563
819445
844613
822835
476906
836174
436133
736395
764000
663574
936502
290223
810825
799684
410447
821094
237383
83778
77261
549441
275921
363499
775678
838507
144483
162451
529919
763589
229649
190417
137462
254744
351416
1477
485243
314227
82862
31989
548505
649074
81611
727860
484109
253317
667834
24426
242497
561005
964714
258823
160657
947714
716153
240744
188426
956007
653250
220989
57566
166912
540605
133914
963137
207471
499741
636950
441851
697880
697897
899378
28665
792427
140984
968812
936431
292032
146972
997272
799246
354891
121409
60591
47782
589497
419288
35227
56186
842624
3088
594335
655792
143044
632629
214236
884195
359310
642882
323538
236074
290585
123410
505716
3437
378715
618753
367762
306476
18975
708184
249400
587497
268652
811801
594167
604501
830244
98608
171552
612513
88570
515437
799526
181233
917921
932578
733624
3193
4476
995533
594701
61052
972486
282068
430779
906159
697089
390561
346462
407644
143986
822758
236783
129328
386939
233988
773038
754763
725027
887895
516592
854021
414066
431623
480501
265161
973273
819790
306029
213132
784038
567868
636428
806917
983345
540882
532650
714311
244883
505321
460124
470443
804520
179432
360364
782665
264844
484683
393767
262112
177632
97925
380757
849873
955700
609402
775485
978760
492291
508932
32870
13651
33490
640241
555770
921445
381153
122119
897934
498625
927856
344289
366723
920889
676693
608355
788325
988616
60913
519161
766018
637405
969683
855896
289883
198509
211289
666372
280751
911303
738692
265106
585912
956282
169729
964658
977304
56332
299774
876178
493727
724881
236297
633658
931598
784401
309598
536998
710780
914687
969244
50781
772716
654644
779820
809754
311765
188179
320243
2845
873328
740131
298740
738211
248442
19891
3191
518591
762157
707503
593157
997571
49616
888741
303337
359896
663225
465861
587502
878893
22071
767025
726755
144547
886282
695665
984551
807843
429016
636611
227259
34859
335042
438004
845804
660780
806354
204673
235247
529138
396542
488381
299041
999057
169729
593238
475407
295825
492024
965317
917285
49550
393841
368507
278249
992714
147178
936044
604296
262095
493180
853480
113435
386723
522844
222725
171526
364025
478474
759784
987593
338893
963146
427743
572830
307607
833064
620942
65884
915091
176777
773522
634372
715460
769779
759719
764489
247426
101328
579704
587873
477982
62993
996296
749923
563642
231294
5352
638406
668596
372526
215430
272997
387519
107584
409260
614026
529546
790215
270301
875524
930586
787014
676657
454035
906107
749852
752916
700342
531532
58177
447826
979061
328478
811746
643074
278263
662034
823411
298436
771405
11678
663995
38175
143621
478886
382948
219050
409322
500291
502342
679354
370953
343226
521538
856029
149077
808394
229817
255010
303885
458194
296567
528360
674145
935888
706810
838061
502948
393614
266631
373159
785152
678408
174197
890928
199690
177863
718574
164436
867740
984657
170835
277989
609404
816916
696768
751025
837964
755493
588631
168262
63119
966420
236534
213055
997696
597733
950961
714878
948466
29763
783661
426412
58572
131236
516225
455111
923545
981362
881682
161155
50211
281527
874853
45648
72219
554901
451802
314285
410837
623585
653585
585589
896513
205577
472746
735095
834931
394143
19779
865731
794158
330285
95446
834118
831287
524073
632728
530866
740174
2355
275161
525919
611004
953761
742040
676
589122
310634
104009
315921
912186
604934
922775
737345
564664
94016
990573
971544
337208
368658
643664
587790
178046
203797
173355
375035
472096
4172
511831
480104
953430
788478
346761
493974
344626
563873
944082
120077
28433
192301
678194
581398
756402
847307
121523
738386
676144
754338
343610
209711
93234
639042
881690
578649
482114
31890
308133
475048
692417
674313
598302
717185
567574
238612
152072
144808
339205
516573
994041
351019
498847
34973
387266
245596
221724
655600
1316
395786
248280
476707
451304
431586
276550
348906
806615
834803
975505
72054
578142
623289
175324
716562
769177
608792
343334
307019
700644
656677
600939
61500
871065
226401
642822
656966
781792
928437
854927
331720
521894
663366
25870
398679
326790
83823
258815
526124
775538
855306
961878
959790
775461
14633
73155
759561
546910
933698
487062
915506
574985
259535
384506
718648
168867
345832
608524
275858
935644
410010
683111
162321
819181
334234
141649
654997
555483
419996
211364
562833
254187
56430
700278
910011
856747
60213
529773
595218
74693
362178
346049
882915
667541
551331
699134
77880
326991
836091
836913
824220
566516
751870
173690
860376
603109
779068
128178
785111
437222
129781
332650
280163
301148
786565
314890
162624
426142
866095
619134
923451
609267
506225
948195
265130
890917
3118
642375
704655
941736
913438
542377
98861
937073
725426
239313
733371
583513
489302
249838
687302
709300
941891
457865
593784
467332
588803
904355
201843
785233
136468
962245
239727
717244
103512
358493
546307
847550
363585
498952
534513
410215
540646
714102
357780
237408
609272
3761
267250
38279
861224
114551
195864
392982
47462
114793
663840
737066
473916
938860
582430
714625
384943
76443
140864
515402
790138
67951
80096
942516
479732
785976
239875
181841
221026
530143
988882
873526
170595
443572
440395
742610
609816
950479
985927
948420
383468
331513
4762
361108
372238
221671
64262
405118
992708
74873
693093
896393
645238
161528
914973
40730
1189
592303
375255
33639
683963
374795
379114
855860
676002
910604
224808
222612
222048
168185
967798
755555
184362
617690
605232
557588
308012
138012
905258
374780
546025
766099
584489
71511
627685
814513
547601
665114
325429
831816
283021
497959
207571
603236
928242
471603
257183
169530
523352
433825
696182
941033
92530
53772
755446
54945
910343
317684
405654
381121
591579
666323
632532
795306
955820
729223
598717
769056
301321
891013
996328
519707
268730
878180
185888
962894
611074
773091
13615
762110
504631
197465
255562
217469
649831
39367
745823
336649
535191
806729
792693
178129
87695
864949
784556
632754
47399
303405
875810
917403
689879
27403
479255
310673
376213
696073
126568
49589
380408
463881
996881
239948
156690
453058
215427
933423
310786
816487
463843
27165
995240
91448
478854
725042
287713
814031
33224
354270
31205
509734
573606
876418
864491
2362
443353
705836
661815
958073
535521
415480
924725
59200
701119
625508
235165
346226
924245
235068
940516
746845
414978
321252
617691
702668
763818
497064
272602
616877
483758
745370
194868
994644
713152
750123
656901
209504
925103
928776
383588
837526
344479
328710
463684
65814
382816
231631
580548
934297
263248
898936
647343
464988
755315
941324
820123
612508
664795
738946
366352
389817
482175
19775
747166
118483
481889
976038
410771
227645
357887
893938
419114
265711
247247
496032
402540
249801
171979
25769
552822
261278
760353
360774
938668
708150
367424
684539
481723
306291
133360
99832
320956
363350
622208
374706
713
483425
374102
293364
257217
847665
326212
217740
939338
226414
312002
906098
607570
335769
389445
831285
492660
759276
12197
827718
266991
585441
591833
311742
970122
201510
702285
869319
855684
545418
495659
952269
64492
501592
774026
848891
394707
727936
452792
196094
802065
274546
239953
329333
432101
100861
610117
841257
110488
690972
210796
856912
687525
302847
366417
804811
279088
315139
293179
368152
383572
91083
985144
37292
151450
670350
910952
824187
202240
787441
309614
508800
633866
457352
172445
904754
879036
523838
646415
835041
344504
762444
322019
565966
395349
287756
497739
178323
475870
483870
328766
354628
162195
240834
307828
644011
329602
437585
489510
271804
341704
282384
89090
995362
191650
913539
871430
485910
604301
268322
818433
491080
459581
341643
847690
621229
978615
451942
322233
652078
916255
267678
863957
435265
802624
697844
142486
749279
245580
856236
740586
846995
425349
478686
248230
277994
219014
604997
900834
772552
84104
861322
736220
48336
182
687674
737139
93265
468300
67252
181258
130348
441857
50392
221721
420913
583773
552954
791276
330588
935634
820927
492149
951877
15651
913597
42645
724169
553119
753238
37922
588064
823636
668799
474789
899544
413186
602741
37348
686356
668431
165701
569326
396122
252549
674496
778425
992492
467287
794896
247544
843301
350010
375032
742671
549259
41049
972106
270419
412020
59947
874794
260789
649421
196880
618522
326105
425795
638667
212272
921282
213876
483673
788115
988288
319583
20359
949320
12335
66625
403713
508548
977089
461415
321202
312027
660848
558385
798903
55756
242429
601760
38300
36106
720218
977898
754050
438476
702588
220259
597704
530053
119044
538474
595692
763678
520350
665388
218930
302770
231778
611759
242762
441046
612980
762418
693837
538113
208669
444248
644991
136033
389930
832372
49581
756632
301213
955338
526441
149279
968439
378131
405369
576270
877115
11525
925177
146197
912965
277164
568620
432178
213484
909148
578176
226551
571111
990564
942967
562836
952192
198611
316895
528480
282449
537360
309077
5613
424659
950049
239460
780442
825188
718257
192378
659191
207009
557923
858510
335479
550846
79398
537738
530532
528486
573305
599113
842813
488658
29205
117256
800691
384776
688406
670653
328100
283049
974775
575814
898869
710300
565949
792857
258228
564834
628853
512069
676074
74412
953991
659067
28509
694207
346937
97158
295120
96904
192151
549438
344601
552744
135652
92688
802978
387454
201297
195654
215856
364670
233947
526332
772329
441193
624275
181975
915084
552560
849165
603544
840732
266504
29230
369367
184891
206149
314360
901447
814230
123349
665748
453034
197909
604195
711970
974642
488847
870104
628586
394797
40663
891671
776298
525456
651864
686807
744088
899408
545145
329658
295651
330525
121916
556096
275085
629302
355178
305497
892534
833349
165868
535149
6588
778722
482912
917786
808694
42180
913267
29597
961421
460346
204097
241535
226291
113387
644559
656917
58560
924944
262151
769449
518672
545479
56379
815496
4785
607629
318489
983261
424013
481071
425356
86034
651097
554719
819602
395040
373139
69775
914317
615542
95242
719446
689959
80795
151996
640933
292791
827138
719615
523438
33603
588893
425624
987736
921606
89729
778682
946658
23684
814018
447126
235989
540374
112133
994570
868712
131832
715843
13450
644390
128312
421199
133756
207225
57043
176096
62912
678958
7404
447716
965584
807
251657
480970
888219
390707
226037
952241
38319
859076
577033
860349
882402
133483
443094
494101
452820
447316
625919
89020
35418
769726
772794
329404
403693
331578
113384
296626
614476
234002
987866
135837
433965
813050
45871
965689
481904
736221
247197
290575
448911
765821
579950
971504
954582
872537
845128
380821
21034
542365
398982
335641
635565
549774
768780
113333
227379
152750
251261
890685
573756
702305
71735
362023
565959
292671
620289
382825
629105
279266
66933
658785
408319
102269
615491
742297
206839
200813
107779
551284
463590
955474
293124
248267
673136
715660
363007
421870
626768
684354
872649
992801
54650
772049
409377
209774
527203
861518
942712
452735
22740
731966
58819
725461
594307
905109
777783
831851
951288
156995
652688
149034
948816
780191
254325
28566
65088
993169
621678
261198
710880
355738
412948
118332
56133
606198
923041
649877
18598
146705
957068
399478
51084
746858
80799
383120
313684
648455
331712
169008
701385
90671
451491
493077
341157
549509
251894
933802
275811
335256
977867
834919
734126
691749
469716
743834
620630
227547
459316
4082
58418
212341
711015
758698
228363
554592
8713
676698
496375
589988
527508
81222
148796
393566
841181
137289
361295
474668
669084
490521
224257
197867
366203
560085
551661
871696
376184
628067
369607
345115
739695
454870
867789
225618
880958
588498
989358
961473
935093
65763
177365
569644
244620
334645
466060
631112
857967
378185
693943
49088
377934
401119
756345
413217
299723
912683
186785
396853
697439
204731
850071
101150
811500
431568
296738
711175
792771
807266
322757
97687
953258
900229
59475
19620
860147
979391
722254
826267
307014
330825
316295
457760
34127
949172
661671
371545
871836
555892
365594
852750
610936
466916
299220
16715
64704
320048
81707
422285
694270
965628
48623
101761
378270
174564
811691
509487
608626
474071
252409
456300
526123
173803
870717
140336
608380
2126
397524
637599
127427
358554
598295
8468
735478
665901
179417
250242
122264
109333
310951
382114
264968
947650
624256
788942
488900
555140
65100
342499
889662
559940
231163
549412
403787
158573
274608
720622
346212
363938
485822
481890
427961
414217
300703
295105
756597
452896
355704
12935
753396
145556
370502
872841
215852
92562
825067
534046
802651
165477
704342
149621
289474
753366
895679
75639
931568
789111
950038
593114
765140
92469
242003
771828
291210
887701
917913
925841
325959
20651
871414
109295
806086
674832
783713
954560
457262
43298
698680
532681
487366
681258
714826
53988
758280
742703
833226
178255
575074
402109
779757
813891
639030
740564
734166
115100
266801
503498
581689
213462
485321
999322
767765
157908
938966
214516
119350
614136
605912
280524
469340
717020
989331
483444
63367
136119
850333
910954
902017
446645
240199
272644
544322
68491
39625
6525
285113
161099
493354
59965
972530
383599
869661
270039
158991
210216
935524
576457
76842
188948
373055
468596
272184
742485
711235
853497
714153
227359
583225
785345
714257
344271
482471
633025
21964
21347
800472
831278
954542
10901
560670
502586
332340
402609
925659
422101
796181
84021
207905
787670
717835
855354
78276
232360
202009
436579
64808
494845
927132
34334
892335
774579
397110
392320
136165
205374
893745
723978
143056
220341
724441
81701
990467
260162
882361
375404
477805
18966
970908
604674
810918
370164
122141
983137
907841
906250
733115
306923
866656
419336
320390
330724
718414
763526
697513
33022
368186
230258
516282
122090
290565
998463
80977
897349
215843
569109
346079
341687
895424
211792
525166
710504
272284
622344
354879
918069
549034
734223
836335
294261
791232
516916
606678
824966
196131
361283
191914
831675
950962
446861
506295
27168
290786
929173
513239
926526
124021
845163
322856
330680
745832
660483
931767
882961
147087
287333
809173
157365
24864
367120
670607
316216
107305
805570
898536
640895
457220
32752
89995
291017
95371
306343
824204
399823
983507
342903
733879
645022
260077
472865
531398
363068
276292
769944
152230
658968
922161
907958
796054
507475
533298
67932
844895
274049
717089
388176
985221
406897
466155
377178
525254
153317
210126
721437
932142
838593
817738
869567
102933
650833
700081
313898
171495
397740
723323
238889
182128
222165
120434
587244
595429
78973
985545
220168
588271
9022
221034
885835
847409
203808
76688
728190
529955
860973
718586
993311
392542
777834
407765
125325
985599
440227
259709
245667
287174
48250
213547
119268
420073
408926
235465
66386
706578
609153
9874
637292
441531
441437
846139
632878
712503
822103
317687
581079
685853
328036
331095
717658
96905
141603
220893
671266
964041
69688
758993
176984
548926
265175
504560
199860
424815
272886
644491
402742
385984
760213
268308
313900
321686
921849
896289
966348
761592
395897
251389
170167
854571
157511
318142
858583
567167
839127
704796
739207
223873
435647
804659
505472
305867
218325
495902
540517
662532
231639
722095
496424
85932
250258
791115
334652
107352
621277
897504
936753
663341
940691
831075
389559
784539
255537
393014
99423
712733
650727
209434
173247
355867
371149
997094
274684
317238
25864
256067
606546
6740
750884
85879
906440
79908
629085
875511
550257
945649
253427
177923
867877
338320
283327
793640
577260
839553
72375
116786
747605
37867
682657
797116
928265
135916
130149
406010
934705
284979
496768
912760
601707
283739
980079
708167
669094
109334
673893
348387
131553
545513
675550
857420
523291
5861
585392
984649
293938
172678
862382
625070
774459
504705
400914
376099
347715
482397
435575
403341
684010
301739
163661
340999
596161
894494
239849
456145
241683
41957
421043
947167
675382
948073
209729
633710
624607
931501
138981
124241
329573
856463
240790
561912
22187
349355
924370
508792
414624
911792
455337
653272
949766
153870
658109
425201
888501
763630
942577
903741
113463
140199
492563
723290
52002
80216
622967
245448
925516
982055
406647
622232
2318
780831
625542
333414
462066
421091
740415
677608
467684
990341
30373
598954
215822
660855
830606
64659
799586
724739
796474
295547
220543
217539
957672
996653
491801
703065
695354
570367
40915
834639
297042
119507
325681
975785
503096
681552
747543
724482
963928
679105
657393
665797
451821
358444
832229
161244
11444
517212
624515
709525
28558
480478
495271
620189
454824
801298
228239
221258
209008
957332
731993
301648
880662
637737
720762
92404
944219
580913
410852
548902
713065
296218
735070
502959
249893
640993
943942
613441
89372
658154
113072
777799
77506
408995
500787
719525
90248
705714
54589
88443
268277
339501
569345
287321
99056
443561
964637
550943
916164
385792
612919
805063
471631
346711
942969
575738
369329
828178
239861
846325
7025
44649
400811
656536
46431
232551
268769
953684
576755
166133
824452
633998
596242
210092
975940
233295
768698
839477
630495
139983
810208
81273
822793
701866
83633
147559
492667
931306
228619
404716
332065
757910
889163
776639
360062
712462
125462
184754
21922
224656
718022
839367
478193
233006
319290
349025
959594
375059
216721
347285
698604
775424
489480
330596
192087
972991
671867
955522
34245
395852
614729
74689
425263
574352
954314
215621
795184
712848
256652
192455
609308
199189
865835
581883
228497
12238
314377
252280
350391
619601
358812
309386
893132
235662
450964
642130
145028
204622
111779
189806
841447
327453
125214
630039
763807
494280
690476
369375
397121
410566
523393
527926
703611
719312
706296
655080
239520
151268
984796
495603
596613
13461
695596
569656
908906
460826
450280
345668
815382
574490
250674
345453
781594
249149
395220
10156
88791
831617
486592
579324
412497
194520
166478
172402
802492
686940
763170
813812
20577
918097
263481
348218
154811
540029
415873
348265
218510
471201
392336
273000
463856
90839
519588
732064
641312
77846
980630
260627
426850
975450
928857
223935
811641
847863
470696
757864
615830
152568
640428
530745
844615
808430
477073
976759
588410
822853
448333
215340
674748
539295
631331
917849
89332
311591
82368
559940
511135
638056
132585
200206
187774
397162
177003
2772
328732
881248
227924
444937
620686
670918
180467
243855
703869
211657
769937
561145
299723
575263
214338
834247
654325
28846
920228
615037
613264
180637
60921
11658
898575
579498
226306
923328
630862
809850
497774
620364
551263
78702
409341
546764
378472
426204
349514
10189
759782
627300
940501
350853
703028
449946
636823
694542
328437
853472
640323
582868
626976
200510
678976
287359
109146
61422
274293
425090
913246
690367
113857
63028
180322
11508
435452
941523
981635
807874
147194
691109
800512
450249
38744
85804
439057
253504
680402
506456
999461
314433
979463
328267
429890
744484
435297
281896
171669
821834
389062
492028
241905
750352
865116
190502
300112
641926
136277
905545
326512
260127
279873
912274
664641
764221
725177
838210
307379
74179
357772
660558
811698
703030
768616
565516
337501
505085
388288
152913
559140
172789
174425
934890
410072
378462
602165
443558
377838
859248
873897
686503
926464
906792
28723
631734
98166
97106
378325
904084
670492
333341
17629
416444
119183
469932
313474
236851
993661
146543
627814
783167
942931
307958
889847
603540
164358
106320
416129
512839
231430
20854
208806
751133
417146
395908
510580
737849
313999
323049
818386
41821
26726
849817
185459
305696
68334
399582
292802
943012
984768
878708
626090
947915
721218
885057
142156
788734
967262
672905
754794
19467
929573
146852
490916
924616
578928
593028
543015
672675
131372
159599
693435
348062
365565
877083
951244
414462
481030
64328
12156
188880
776048
845976
627098
686753
622786
443121
731283
869104
126820
845287
344069
62581
572548
79775
975470
977077
576152
596773
356492
574258
300158
552594
672474
217287
3191
537418
509939
979343
99104
557054
247363
30530
210460
437380
210965
346599
215504
923261
983090
12079
9743
833255
676706
243985
457772
418721
79478
801521
656973
556662
539367
232808
256192
16126
784629
730818
537392
278439
91663
312907
185711
295901
632216
388609
127055
355772
93061
465115
885129
754302
272824
309676
109321
315400
623332
191705
214222
56874
642027
369332
996754
924371
341953
555740
377335
399216
796567
520962
101342
705914
52788
113621
179444
93200
542064
23581
252616
419727
374762
831436
36428
539933
919661
382011
624651
597413
602948
48554
165752
519471
485023
247288
146174
471083
888509
747341
404224
94122
983586
783293
483616
183845
875228
779153
984200
845844
229773
246714
947123
104645
960510
985358
81214
791500
354329
119204
169105
765543
187890
741026
443945
466923
209066
912606
895644
90196
743877
636110
162110
73188
792039
854652
666689
639052
880181
73491
749601
989257
250701
995733
236523
852114
271518
775731
770753
775249
212993
234234
870778
338224
693088
280021
756557
744483
26151
450645
806046
238324
568911
238459
266017
617983
850548
435878
200645
58215
938567
120645
857184
790695
716738
454789
313877
73790
995657
925730
577370
120685
352231
804924
325103
992184
128252
404531
683598
141491
799259
475940
190014
918581
993879
346922
640164
932810
743101
145085
303132
56172
205910
932183
847920
955920
615849
657616
310727
451716
222505
721692
166204
294806
191219
265337
181625
724576
420913
599588
466365
766459
110542
870265
301740
465433
406054
556240
581874
378972
211904
347942
887607
151181
539760
962396
496323
151915
663348
208067
41279
851481
371689
780516
85835
457190
175178
879028
920252
886293
733606
352824
781649
687703
260378
275393
555476
155150
774494
589410
867737
960931
836008
45796
777354
106165
515671
20261
679698
100679
534664
734511
285063
654910
647653
330815
507987
451992
853791
892862
358710
714037
154029
239549
772521
772410
320281
308932
593862
9606
708137
344894
636010
441381
624041
162955
746236
94568
698172
100111
791937
320179
708556
879253
69463
487715
526211
938690
150255
543373
659948
399065
833422
798943
184506
191939
384574
680113
559829
588220
272680
760602
613965
334729
384947
825861
681671
429305
188410
17943
484319
785288
235754
853909
772627
963249
33551
701922
829551
829099
214694
576619
258844
879465
241665
425558
961172
695715
18833
307977
932402
60035
878827
936116
531376
338368
233731
625715
165625
533002
305465
578665
286798
199991
232950
753396
387266
333074
396929
211563
52551
621655
226913
929576
726136
627928
133868
770923
90620
584062
517939
871255
118534
732023
375090
107945
801861
304097
407717
145976
527496
678969
267640
262341
845872
341286
412871
586070
22558
943639
949948
712236
697137
417246
101398
824289
378242
950562
542509
435756
499726
71442
956268
95615
619079
981045
194974
852648
369404
595763
67569
825702
794667
384667
472749
846006
509317
414624
854769
583612
646147
285326
117329
186889
286051
557579
936198
279639
519158
508326
501240
352668
877933
7702
800340
566875
437879
18420
525088
203768
729040
329070
675711
182381
772535
155809
667058
688643
386176
268726
496132
295912
425168
792375
894866
355084
159942
350106
411370
585597
364850
52643
386985
18327
840827
17245
426680
767503
778887
568721
961004
691511
552850
285941
656841
97997
441769
833452
507410
895746
228770
692502
100044
115627
932267
344526
48787
342589
702844
727893
452960
540531
384022
112374
850094
801745
398801
76591
591881
18093
960414
713554
536907
326863
300440
364690
145192
556331
147963
123904
576525
61637
731597
411895
605194
326267
746793
74104
761931
11170
432186
759399
267697
300777
491392
669444
327013
995483
411582
559208
922343
746229
267670
122087
305359
107562
329210
597009
916870
244997
602224
583104
674880
153670
435969
738137
856558
429395
578613
622523
475863
478432
286153
793611
558619
178015
599425
225952
973309
532838
806901
706099
484035
619741
408426
852847
169668
389174
850461
993986
519887
123597
483871
928611
532289
114352
430865
472793
875049
720910
766442
382003
846783
635262
587747
187785
227493
225234
99832
165963
388653
844353
422413
179305
297370
655377
318762
847568
360589
407712
5458
759601
343662
522960
885726
452681
971277
900475
131208
63385
551132
171924
668299
135644
610202
202873
108991
100070
225307
3894
981337
113015
74737
234250
444306
99464
299600
771854
748264
341494
975752
198093
177466
569035
910576
69528
443821
758796
647611
56565
33669
139927
169193
565243
339128
310678
556637
238034
441925
177191
796116
777875
703265
165976
309483
146915
261169
366881
138598
438744
132703
728182
21970
605758
121117
284450
11037
449272
192511
452166
157520
354818
623867
621582
110481
146685
780296
853485
230852
539198
901460
488042
472230
628025
609137
974579
880150
772331
898681
729080
628730
194425
811753
503043
592797
553160
706381
207240
487904
345557
757017
774888
616240
321592
415062
236350
993779
287078
606640
186124
367259
723605
965509
795025
192342
977367
157562
793083
404540
812164
392515
965044
927927
67709
760940
493913
408548
905429
40587
882618
642056
865123
115701
855737
68074
19927
685297
912450
61933
533171
434790
79908
92458
209900
168952
6744
854233
155137
755125
823840
399941
736609
425288
968976
335839
959823
964956
689899
319024
406343
422685
33550
771356
481982
969078
364261
645264
285599
560603
125555
718610
249658
514564
833056
278358
600605
810549
675029
735258
533288
434679
956265
989543
423058
824069
445522
425429
735202
377212
265455
34427
891672
605835
464779
764623
247481
824612
156209
668538
997281
183796
652482
381452
41199
886910
384730
231528
159435
8526
232766
162643
315995
722177
8963
825808
858567
583331
853000
389468
344552
843843
333107
694954
677906
700113
159387
369160
515345
439702
599506
462953
430021
570758
316690
264395
901210
980721
967381
855542
420943
240017
644627
591363
436710
448081
292034
144230
89819
73911
70593
390073
593572
447738
592491
765820
975552
445422
86310
41638
634960
743154
800340
199568
557740
760648
529341
793005
442373
63991
467240
186249
131622
704369
77956
946609
313994
368738
730554
867330
408747
860103
229655
634949
462602
645531
442472
593014
118879
754892
785775
603227
380878
591303
402265
598724
970422
332508
729119
532345
736167
232329
121588
903023
897963
418083
381335
579273
926263
709898
388670
105322
912670
836372
428056
149241
183304
477905
340850
714520
955100
969445
587456
367495
712847
699283
51004
29385
676609
797684
142053
168657
101251
568280
833207
431096
552843
238598
149782
493528
298106
51607
900477
855953
882059
581836
669018
340053
46964
659999
361863
553576
949064
59516
490426
971655
24778
343644
283904
284889
840145
940737
160135
269164
310570
595742
225919
605888
259069
386607
963705
844537
446934
327134
788519
543586
720834
8912
319824
401233
366430
728363
623563
102854
141432
716680
105922
132604
880541
729534
931913
158745
160211
534692
692867
447288
209814
205651
552066
263821
699370
40091
514915
983684
889440
859810
156432
523851
28951
298251
646544
915528
207788
217176
631216
141140
948895
734920
317810
559366
875451
605187
409912
338649
989157
633362
904037
169256
695535
171035
662702
497828
951404
175813
592848
279113
980476
968021
617203
25866
489988
674258
662808
963896
151786
980459
695533
192680
239663
138074
517869
574651
839984
684913
271671
761192
649177
964510
191442
539025
201079
198947
987518
829342
433415
56613
801805
286322
767743
123495
89383
618659
127928
95890
241033
992407
820906
833583
163581
350352
674010
604947
995355
828712
129185
587265
983575
427213
925302
422351
983445
164881
310967
31295
647969
543129
847480
828892
407583
771031
834268
763009
721200
472640
745138
444227
272774
840430
977504
498792
514670
800523
953114
439477
782427
388850
353042
287708
462562
287390
704761
155783
86863
746954
299719
774449
226013
111742
334831
434777
238661
194787
32504
528273
651388
909114
649907
394223
883906
241232
710
339812
35708
267542
488313
485106
135798
808782
448464
570249
106065
716618
422986
465988
200151
630478
327062
110069
652419
215053
562713
754862
13324
919904
637775
277048
922292
62143
221849
11837
620406
138061
595139
70384
684630
903978
221728
148601
319313
255806
907984
442532
224476
900614
921202
545966
107544
856581
641781
653745
457347
639757
419634
575220
702779
798092
725670
812092
570407
602653
872841
981230
387121
888287
780259
502910
699202
772013
488202
868694
960486
750760
595869
860255
890269
551598
490811
962186
812736
218786
504252
375887
39828
342655
724278
575182
483664
762256
837884
663392
463940
547289
436197
175461
752908
370311
711845
316663
66577
397525
412434
291736
48393
696445
972368
144143
582493
136365
813105
666366
90084
970772
245350
629441
100833
426541
468643
468727
507202
961801
878273
827389
490553
470021
873474
416893
155159
873848
412992
993870
393076
958670
916454
18135
973199
622404
190190
791930
124075
546255
900799
31137
406307
901178
303882
33053
455052
370503
178252
654136
30783
292327
322895
277373
593497
684067
542767
51439
998011
891393
580646
581976
728748
355868
763402
825089
934032
85252
444217
783014
819334
892890
382580
294525
896741
424613
131580
214154
216756
260150
617283
311806
377313
259211
162265
445897
597825
537961
396536
216474
761994
428553
427407
22220
181514
803887
862291
261753
550711
955626
873519
721134
747035
357193
310214
369278
237289
330677
426879
117920
109163
954202
654253
301528
77214
455134
648817
709249
530206
365521
216705
795720
307559
953728
79628
741754
242116
557692
418930
240095
771481
929044
953334
385552
18781
831907
397076
24336
359640
983518
351929
402036
322732
716293
46971
477516
198094
427624
115441
699118
879558
129826
615762
556803
854140
44380
521472
853657
608519
244783
513782
248792
628806
220564
86584
675644
294429
33878
575904
961685
456970
681916
342715
475305
49527
690856
125685
604281
33230
448795
746953
707121
279830
124437
275784
231374
880683
125903
312745
560343
705428
245834
970715
931177
863502
660870
933504
409667
530219
986495
798257
582046
992456
904555
913541
173923
879687
161464
911522
15886
344300
910912
503021
257727
880169
114821
69966
572678
460469
585916
574494
856551
124641
813692
462172
21674
150140
588875
196188
17630
209665
109231
577312
666750
232898
600265
71971
267322
863580
204750
941696
928884
668324
631154
610277
312641
740252
393682
456616
672179
628117
163024
5523
290337
636744
372597
874858
531147
616527
551493
992502
633227
258693
533313
453945
363738
913610
7032
874376
28082
911911
516702
409707
579961
355888
787160
482208
301798
644199
829706
698668
43976
251636
146484
13118
692720
281554
380794
203366
523345
149000
744927
460175
219448
55719
237257
193580
713739
542670
768244
691546
689976
944711
643320
97573
584656
214195
226258
675813
709643
377405
386455
80498
142909
950320
381649
324627
362321
300165
654657
327945
914978
263437
117279
454131
704740
467765
344792
995728
560602
323891
857091
778483
412428
92379
446422
271081
718426
808218
975606
476359
233681
253526
878569
191987
873411
909696
329394
117221
633442
496248
448374
663448
542340
768521
743943
996103
883953
316381
530103
353020
534044
650715
64522
685256
128249
572906
780222
382539
456502
202736
205881
436751
4404
434600
562981
81015
194712
979533
547408
214839
581006
50766
777978
610067
723249
482617
277596
202063
808657
492148
869018
349272
677007
754457
155710
804403
770937
54752
308204
477457
420786
173708
429856
408269
358592
664194
920586
307291
750670
521052
371791
60729
81836
184272
765855
928225
796997
458299
108288
673165
505311
573812
301488
751236
537939
727284
29993
732024
128910
93272
355445
747422
502617
474381
853904
289196
920310
13316
794242
438288
876908
613689
86439
487062
377954
935645
816489
773394
831362
786971
201706
304235
302196
274116
348689
538779
263480
743882
452114
614775
987818
501063
5573
30205
23170
90343
689764
823241
680686
839402
666758
326661
538139
386935
488665
795495
412311
523063
643633
612778
167194
726289
809267
213051
523999
820879
812137
798855
268375
546057
710795
946984
564527
805589
464094
183230
295824
470488
264978
137928
700209
795156
821661
349385
45960
430996
901707
503982
293928
9483
489909
114788
228037
91241
729901
720068
641728
21648
557994
390010
769413
110870
517553
756891
651773
506154
377109
35900
760185
8444
175684
530826
736700
800043
338165
219534
236308
20073
535093
816227
780956
750275
591075
662593
55354
606877
824240
768696
415910
88637
35348
464720
701344
401480
228067
697690
868943
602971
131634
324379
458108
354074
36060
962093
823296
406932
48891
104330
743025
490282
87523
197499
620976
943344
913538
874635
81598
950424
464347
819997
321369
506139
852158
500824
53001
912819
342546
314585
307635
196468
915889
728393
487714
436723
86674
13989
15669
977423
11636
88049
645345
948004
973372
404361
684841
837137
896573
685536
310748
431835
898967
287926
765765
123602
702281
358651
357943
227844
344077
456078
321024
560464
739956
754120
81222
517421
237338
793810
835273
378076
99385
486621
666929
573656
141093
475641
2352
998536
24651
832342
705292
653260
506082
402880
97946
131289
337576
804660
652519
293602
160487
779961
654345
967142
827622
17326
519062
913950
521351
471983
33002
945181
144193
879346
319498
59945
344072
994089
848364
552607
385628
120809
802663
305930
870343
439822
263092
189392
948490
819487
788545
890191
118793
871443
703616
729435
511482
249135
339110
153011
620245
849717
731862
979523
87479
639260
855342
918588
139053
243461
152716
650524
324223
288224
478239
330730
931352
963894
593271
797573
23625
719331
528369
78640
323056
19588
574404
885781
216585
890029
994715
33116
811390
889939
945834
763023
162836
277034
471873
282862
215973
376892
121002
697239
853269
862626
144714
354952
329278
728943
297156
378202
76839
743261
781161
691049
984321
703631
812499
903022
231452
349432
977338
866868
18607
661505
984389
88052
678059
277512
565978
105710
934292
72632
521990
456868
481606
92525
448369
511413
75819
851819
622511
775863
945825
149093
460482
884885
260524
476166
274071
327640
418969
190887
317227
200408
1833
880947
225760
295805
26282
669941
740507
119070
844387
885313
902455
586143
575890
60607
88630
571646
217047
194693
336998
102906
274318
841835
903204
118916
721725
689311
574034
261212
764390
742253
193973
251045
115517
948744
488761
63698
781390
985545
859482
973052
872675
574170
937584
844018
245240
370854
29279
829960
311684
387355
915225
148027
767246
142565
174153
179329
843792
477311
2954
432733
997639
299001
942208
838495
732793
101934
694091
257530
433421
508963
424644
577420
311372
156496
306196
942197
639154
3421
963870
204114
93645
592927
213768
950231
860818
254802
974852
643562
460656
798240
670589
496947
571791
973837
910146
279637
50899
661159
785000
964719
359053
781329
261240
621605
455406
691639
71563
904664
479457
773907
235542
64665
763613
490883
187290
669513
567981
808838
618623
283003
39552
294451
433535
356801
93192
196319
378393
466639
648524
949975
265643
453504
426198
781182
144539
8997
646786
58470
437237
229344
801930
391304
314264
328272
479593
446379
235148
557718
763068
358246
140897
179199
841677
629437
704647
881027
849291
58533
221844
509831
652270
697113
937343
273032
380839
143456
7400
806700
414393
199653
213769
42440
236626
827546
361313
786818
573328
464063
248860
594814
522268
874524
535398
812743
530471
194286
461969
149398
485865
336792
870485
507526
48160
383035
253559
837428
424869
116608
115428
423308
67611
220184
387705
750675
886977
461187
550654
233649
135716
953279
792055
622498
202135
314042
349133
360396
353200
500713
63548
87788
575392
512423
332570
623821
78539
24268
281031
301702
603819
570629
488540
951169
908368
653948
695390
492314
210889
203179
696474
476527
462636
803889
65343
539855
918608
750865
212670
799950
519723
147488
882722
46580
683184
182204
463187
569507
817870
965221
31901
850669
135086
404582
168924
381600
435218
788146
863302
516027
226797
854059
962025
148781
750801
964346
416897
486541
951348
855472
431686
648775
882222
70614
980370
596854
795107
209334
798717
778444
460969
676708
903351
412230
201700
878063
269695
914942
66613
163229
749570
879864
985971
699851
572175
842690
859557
958623
896904
376753
161089
175842
174647
557276
591343
24676
385281
404556
827398
66398
230154
298408
667691
146507
337527
223376
541314
155585
187147
717349
52705
460356
759221
111730
687397
339346
271707
568537
553111
155968
684733
53494
363769
410287
331432
22159
127053
481691
286010
871342
701661
853237
326597
294532
883937
632646
493733
465625
809481
32879
427371
10111
230608
620645
206429
185599
421494
141859
391459
457714
880331
240551
591735
881926
430350
281455
603114
82570
412642
107001
434461
342803
522612
461396
615413
859113
247754
410252
303011
28675
197832
165385
993189
538995
40583
19900
926975
831680
651587
941094
236163
477
221684
610179
489825
738078
790626
432588
908869
627773
831138
289587
226507
99155
409201
888338
103209
953516
355784
805925
117102
891127
458029
31669
956553
587903
606898
306652
123814
438351
667105
490893
272919
764279
51117
252395
764354
763029
162410
625821
877381
630535
792720
227248
578957
422116
675935
549877
243881
121839
796507
759135
555948
476968
928701
415948
337375
494535
908533
585497
201255
583368
721605
307715
650667
912287
475403
386278
54272
221165
562124
810079
435268
280323
68615
27174
822626
694293
527127
417073
273216
409694
21351
725944
420802
413959
437699
143130
825841
697348
744838
935192
838967
720820
977242
79354
470728
809652
754669
600198
649298
502722
198527
24587
580287
287170
507012
185788
2123
78031
831207
174495
169914
607214
508920
329366
780726
876023
538462
769228
679851
978001
995192
394827
151472
776645
883328
965811
28815
128774
143221
462858
524861
191977
698667
45326
909146
118742
354740
560227
146385
579348
24850
576507
768431
662076
143013
76513
98593
25466
450180
565319
894359
445747
121948
914916
806405
894988
469395
392704
663569
120482
674742
830826
472942
714700
180793
252870
515871
648180
688602
497450
990674
853147
197801
110377
155822
845350
629086
335839
194065
928771
467169
834
445563
817332
966019
227368
891098
106655
146380
495346
534269
410564
9239
326642
216515
706375
269343
547685
900328
602006
916933
895428
747699
863630
169056
52584
989978
481996
325211
509475
484186
292183
414721
161399
374532
177804
236269
617696
862297
784872
611513
773757
477806
448799
198842
990613
25493
971983
469518
473858
303925
806764
160669
415219
16627
184089
407701
727761
19424
165044
724940
652322
807568
594895
792533
852202
97538
433427
187353
335870
240760
498742
454391
453867
51751
708755
850687
640553
919772
56558
946441
229890
118060
311652
548097
850452
329648
348451
775780
173497
893582
393686
487961
958243
461182
461625
325914
379459
492295
101979
28677
763543
695375
255551
888181
113722
989084
805201
990768
750983
509945
468595
920156
918254
360459
138313
211261
194476
452727
439540
43528
809889
427699
538302
326591
750602
654675
720377
152577
549870
509826
416729
208706
34374
912220
584607
161527
289697
641174
182617
65732
597194
144349
763091
876602
885557
420712
665060
123683
569500
790573
23746
114461
601990
292691
707612
565312
775358
649033
581682
282382
263322
944001
563271
57960
141576
500037
675496
934285
872559
908404
59872
95389
684587
630607
160326
382917
379346
795864
828727
957388
356246
477979
935667
366188
329429
755467
44855
765895
137079
575204
94472
938586
382957
429093
44513
592157
606589
313634
82062
848504
952250
757063
185834
112367
687911
864357
6115
352219
156817
29097
247142
601019
757250
856259
410668
591377
396062
340922
36406
593166
607806
40468
12307
601667
595025
192925
259025
9223
154539
895662
659257
625349
589986
264712
140562
626320
688532
753814
875160
468598
315508
156816
837338
605844
393966
928642
766686
872355
989411
243090
329592
129908
557473
226450
165308
339894
953026
673505
354994
763517
353064
143760
679018
596207
825892
2600
307335
269239
263886
995233
659483
976616
488860
139897
247081
424560
785631
665175
244336
41748
481271
220616
694635
984912
248577
674483
15020
50433
72570
591967
722196
10582
278817
113392
849043
913371
585802
52783
789318
9704
393556
860130
691962
454205
256818
660195
995417
981460
282562
28821
258124
430157
93125
134511
824013
109843
134233
91028
198140
107426
78096
724473
961776
706127
975004
271784
418613
801308
357953
63076
411326
502291
244515
439085
10429
215608
500228
710408
387687
554874
800249
506401
479378
960890
769713
792289
776038
974578
295637
934163
993547
548928
885175
120101
619820
796108
354772
664771
889931
628791
482850
382784
44016
504391
730220
611887
633082
451738
341756
279674
633012
748001
665374
88163
601647
37230
171188
47321
672640
971585
767511
461465
725272
578021
947509
271724
387995
74660
256324
948903
998880
17086
317964
164743
702815
74753
70503
261361
441905
524881
485607
38193
543120
409676
910759
65371
679417
911795
286128
582952
155890
785974
919461
268223
687285
456735
633755
119126
636126
299725
345497
707726
864864
605382
804399
556199
380721
102054
371110
956176
522575
173737
427457
89695
313286
349952
412747
977984
68384
664292
804546
151771
532466
207077
351500
798245
347144
881231
558217
901192
889666
236508
241331
791662
753704
910220
967716
845768
856186
396682
596864
665052
556086
822417
509520
104351
180111
600531
286618
765767
822657
310295
32730
506752
879487
442023
205325
295189
961857
375120
378791
468647
422405
141870
324767
412245
931311
437364
638577
315211
346078
766881
506499
758805
207253
242582
782309
804567
143768
850751
724558
515939
926116
73817
547112
764256
370982
891696
120032
837122
994610
912934
194159
952712
817754
473744
161667
309915
2886
697654
254502
363164
168626
541150
947190
898729
779577
663056
196255
262481
395393
163917
294719
500294
25558
508202
643916
301571
980949
878990
112397
200036
759114
226095
675439
554050
349770
805659
493297
532227
867954
423868
348967
802814
825636
494502
166364
728959
330204
864344
564925
118084
508190
613860
318675
763203
491147
515326
740693
572681
660520
922702
118575
807969
661211
442960
544246
164402
1021
82803
510585
667857
199862
658696
303045
205378
701442
338129
542046
127175
100800
870277
126692
228413
203103
157894
308225
704338
94488
485631
227448
784785
266947
862011
916056
822696
235039
649863
309590
391715
503390
977715
487990
80844
840844
49148
684993
942565
844454
563908
984582
198070
58374
401475
540081
915999
510060
530112
453581
797331
178350
605317
530970
891366
268549
868924
141628
137950
627161
623892
700966
803513
661295
489771
580880
375826
656086
971792
836548
257050
914148
987538
853050
551932
765249
913562
596714
891609
991428
173326
205110
925427
118011
475229
405519
821678
337179
573588
881640
202489
362649
866813
639917
625476
882785
120685
452951
177672
714630
587135
656971
397960
12223
355209
781223
113428
59481
104855
956534
190321
46367
396641
700048
244224
934481
314248
898048
733858
774844
926415
10553
516938
343063
186276
165236
274995
292914
200188
155491
198813
787985
757157
631389
505107
903291
193821
386431
824341
510750
117961
640111
138377
411705
657685
532873
5763
646731
148662
14422
747869
907727
723571
805798
428977
964819
885377
147737
772760
794404
314484
324996
553524
250546
536209
725186
679653
892187
621629
719691
719775
51649
668733
415942
385714
295345
426506
589202
305401
860512
389290
412411
132035
100372
712897
924997
375507
907513
260231
531069
552648
48628
298401
280542
479588
182068
92161
272129
609655
106668
450888
902217
208236
448407
263733
863482
479750
804203
656557
583764
644502
16675
835449
61779
287444
130459
15353
61373
353100
38726
184654
590944
354337
477193
463205
315154
970987
614867
908871
309232
34305
121600
618512
329803
238223
86439
304564
5213
409407
871041
305087
152667
850760
495281
932401
698658
289442
852458
849426
600145
545792
677453
205233
486596
832307
693035
306821
858525
801944
383999
758040
182960
362969
906947
788199
235720
757625
192137
224673
893868
460699
708317
874707
897949
51599
334807
582597
859704
621049
463190
299140
645877
31072
599298
16588
670999
228751
942984
232375
48974
38273
148354
725129
34333
75228
584668
724546
189440
438579
445512
521681
7983
872771
286989
826709
63173
34054
972025
349337
517080
451689
523992
297197
397300
247919
576237
402271
346737
406171
289500
107097
939641
57941
488680
691962
406896
559515
737112
473721
274774
653681
739172
563912
658445
114500
710218
767272
920053
118966
505318
306151
411793
275121
370348
88667
176211
786320
18854
312592
863019
224518
617781
990383
640784
910883
990929
793684
824486
297330
550552
44698
735696
923418
111932
212800
751436
726367
516368
339723
702695
449335
334237
831380
785576
554075
270890
801335
139953
897673
292613
548436
346527
814806
70689
443967
67018
669960
265307
192601
654582
779546
384479
515228
711922
997
905587
862644
528509
835518
331460
580353
716454
93753
436374
531593
721282
934975
816087
357435
8331
727729
593061
159306
453903
923875
807251
756227
25480
219524
618998
944835
291862
965244
461649
411200
483404
58850
428776
107757
841809
609332
127890
318705
565691
426376
522781
323437
474947
735899
436677
191757
81909
975373
684670
571883
525110
926560
197583
644811
534501
813319
857117
121910
160936
131382
8819
555936
819246
589024
923673
561158
498639
696928
93198
167042
204178
725753
148122
778508
717486
662242
722220
898661
807270
33960
292158
458327
237846
743179
98448
95236
914520
109224
83109
973376
2465
158309
53526
457973
94489
333452
854492
675793
206366
621841
764759
482897
948610
741350
887114
742116
712768
191180
874581
963719
371211
661930
482740
688212
893110
626040
417814
94118
89279
943371
804724
812625
629078
167302
115193
301610
956623
848818
738659
813065
391315
227889
740659
946134
14536
204562
543213
899048
446702
662348
633075
735723
46333
721278
291556
620248
896610
93973
829078
185145
744178
507508
899945
845832
62751
859475
448502
920325
471441
928734
353094
125538
28180
339604
894148
738943
584821
941519
212838
809335
229116
46567
75833
888938
844671
805760
162926
329230
391305
752832
11518
281870
85115
109908
263305
484500
822602
653967
424415
113195
919755
533954
207588
717646
877548
509327
869449
928539
26586
164401
996862
650303
875868
442822
685909
383712
887681
788284
892420
914326
596801
778655
840615
580440
471742
975130
794648
821338
474200
889173
972816
514561
69173
488904
808490
584953
440769
351065
598506
950191
548992
296045
161673
308380
866537
461781
749090
23521
179929
44893
741872
224043
461196
678969
234332
216131
584901
826829
63038
302133
529885
222432
587741
381912
445516
267631
655029
919850
97477
419462
480776
783899
367370
973992
259445
988225
757105
247642
706667
868894
967066
428059
644722
56095
180949
651240
37356
623012
316334
664223
996280
55542
448939
575970
636833
20903
721010
90918
794992
351156
295090
486632
718458
886997
569168
897031
51186
722773
938028
719731
505235
262917
527238
571684
538645
901723
299950
165297
34120
26679
46123
863031
29943
224117
332975
981411
317858
788555
634545
303214
763503
128502
13825
565142
621906
672685
344907
651909
351001
425562
624310
981038
591185
124800
608474
802998
295423
109721
19019
522898
827036
284262
929282
495392
672165
414940
873947
788428
578234
820733
123647
228288
502618
824815
43442
374809
463022
969848
550222
858750
339852
509832
964758
905580
192764
115683
189534
604821
823197
28134
843168
51260
902981
838764
135869
458693
725654
486701
970796
954258
343366
548767
718268
474407
328819
559658
260596
411726
157774
303326
685802
926113
616492
157421
786110
595623
817009
714777
944579
489876
241577
421522
817253
784897
170458
545306
502794
418270
990378
152316
183129
586721
516412
706780
127770
975820
449181
694473
788820
956650
43163
500840
488516
72862
587889
535582
777242
742066
137254
949301
666115
615489
544400
299334
54416
992260
981507
609297
63910
167089
256001
301261
298758
476581
511060
823721
924287
672101
735922
451561
158124
331571
208851
487876
253149
326057
290231
894379
908198
234303
65276
460129
489360
883660
717337
817503
755737
19785
493790
311923
92509
680270
916129
349176
964734
748674
920875
386148
722493
667756
999768
486557
912216
316836
365375
676410
942987
373156
112646
316387
702678
514852
536962
963443
183315
965603
273878
38894
637508
606562
138625
669939
552669
871403
404403
178564
23995
108212
217858
221003
218376
400002
84541
952986
663027
684561
554377
356055
51926
269090
234161
109626
977078
722233
666466
822324
727658
63269
704523
842191
962892
738343
517549
508895
799908
53111
510917
776743
483414
636300
550779
675441
879100
469134
45855
166887
653698
714899
716307
382854
733429
270659
621026
869758
296116
561770
117325
162889
932635
869789
396341
377327
130360
601483
972666
443406
816282
369210
852300
896345
956075
660028
607669
574636
125802
316973
256950
607032
810159
872845
439930
182948
446191
819772
994890
306498
930684
204042
302900
581256
581992
470278
431371
50207
521745
922687
556655
485979
332951
271627
418064
435495
268580
498189
791221
317652
155111
689469
540063
265008
330355
529992
787207
13709
234389
27869
623282
938586
762866
369800
633273
433989
741378
517735
115833
110445
390916
643305
329159
221071
541005
705092
418747
1948
245481
551193
585130
35199
51403
162769
924498
364012
941891
323289
370942
910946
296241
778943
599582
504730
70379
242840
954932
85920
449015
720722
186110
429285
348550
388047
607522
730342
428228
404592
38116
282872
44798
203659
920307
945951
765053
760847
428302
132819
887033
235088
23366
875410
864915
710336
813464
268803
54126
506192
155727
307544
623119
74344
305414
28990
339973
447884
960975
779144
204648
144885
418004
425056
888792
126645
373031
633241
584842
244261
529912
174597
8322
634328
511596
668358
723989
683506
877632
687876
10520
387945
439513
417400
84571
279113
499456
956416
874582
107374
825734
380143
683857
865125
715015
601101
529068
272062
837203
944102
947685
566951
651972
282693
147172
592780
354299
482724
243556
415259
527209
12091
808289
938422
147805
551053
983178
243608
195845
330925
481852
361007
318352
297422
397371
902833
582346
647103
357275
638108
703062
684875
113181
679578
379986
268532
705034
427700
56858
909433
632013
456834
111130
993435
595855
180206
93582
728153
947964
604782
434763
217726
217765
125619
372840
456174
454610
377745
459020
908191
721197
929799
731584
735066
574324
56515
243185
294576
962589
504428
507067
347363
151754
709683
629750
829117
640474
53016
21342
87286
285988
100934
373765
842711
669964
162897
272922
190424
154624
331197
903436
306046
344610
295796
674298
503542
326193
957545
663044
67390
535362
627312
665109
379778
998789
22567
943752
559201
830495
212070
948968
522118
595144
507119
435079
899522
171713
698676
436119
163373
286962
800916
338742
879373
758216
350609
882541
456669
507191
479525
443011
49512
135569
837071
781636
143056
599765
462869
107432
695885
691489
456621
926346
326282
550403
982732
494017
699311
205251
540321
10503
961844
908403
232957
124406
481403
641735
308184
866328
957930
940226
580981
442248
670266
905312
240293
619225
912913
702229
758231
563441
525222
514837
616654
520603
178435
181547
763665
502930
57398
144532
675392
801019
285421
797390
196928
68904
19826
537184
614237
412980
261885
867449
404545
646067
60362
874195
880152
994311
91504
920978
616923
220348
824158
804205
959292
329681
653536
829177
960000
813143
150943
696848
474836
499281
413413
590862
168120
324655
681832
378907
816111
595661
926153
255543
818900
586135
410701
296229
774671
833595
599654
356342
873159
715070
99401
470313
825103
696722
87512
594857
224379
633057
84037
850697
147037
987396
347739
324930
52915
854390
13802
24354
473749
727592
823137
699205
443108
222971
785461
331145
910317
93777
729154
122636
284945
944950
899127
466969
879855
708574
957111
478732
473894
124183
751605
942080
348847
959526
513447
813054
422114
519461
204100
375896
846847
149690
892332
945947
447719
247333
267253
729264
176329
170367
203135
594500
621317
745773
484396
719244
535793
306791
577208
798158
585771
905899
900718
255894
182896
334071
480
978619
155955
583757
742631
642016
865199
728156
360797
156916
496058
643278
169426
32694
308789
969383
178058
805189
19001
151081
533675
326539
936769
965947
722662
393600
683461
911503
974705
524159
469504
440016
907194
951774
54353
19211
493790
971348
263086
850745
487918
812380
296020
466792
781949
423518
467093
247681
957892
948638
196638
485518
228281
753189
635090
874214
12481
564465
368529
667507
932149
399537
271044
649264
730212
429303
400579
347473
413886
39401
178528
997894
305222
566512
445248
203358
301594
839481
795019
759025
84884
202565
728916
184126
379766
526562
802788
83935
240241
182753
464395
273372
114924
788386
394829
222621
301042
320993
917578
717915
685933
402398
348619
625593
99991
292547
184085
986253
524959
563542
447646
703561
275473
315703
657512
368981
943204
866119
142793
615790
687086
306584
213519
517687
499942
427258
454998
613765
17835
715698
780196
802337
935721
731032
58527
848717
422630
625273
332957
265207
519990
106530
431145
82286
25477
441343
539938
178792
304479
233114
528693
235069
54259
47851
427814
771411
907147
260238
474939
536424
985957
92327
964362
472937
503688
43611
723644
284682
509950
344123
839762
109699
492542
693055
595355
320172
773448
755905
442024
912446
299153
204602
561079
573011
318492
850699
376474
830547
232561
190525
364028
883244
235047
270835
994799
204054
290925
291965
660493
490270
770897
104927
640750
302774
659410
111565
2654
383053
193941
351274
337318
242915
424236
880292
270755
787243
972843
927311
990739
475668
17668
783246
369975
847653
592097
130386
770778
607456
448201
380780
281812
256986
443773
656259
146367
299690
442720
379675
131492
155597
550336
188563
19209
494571
195569
422501
623468
748026
906028
655905
842409
280605
5695
552812
582351
725423
65609
31651
583748
926087
98905
114235
231965
852168
323054
315865
153759
554643
839137
840710
903337
766011
836313
156839
541923
966524
352821
405308
549713
739825
464596
709543
952812
323805
862785
881547
400337
891666
111570
116248
559580
549585
232987
60167
353537
188979
404852
890122
889821
139512
285945
86822
228859
824694
390142
869228
497762
320933
522400
415256
570677
540053
224174
74478
709642
873512
661066
946159
144338
786909
917896
640235
14713
231340
365839
971561
654972
514883
52779
781428
508417
966218
723500
655581
349722
377202
753024
430312
66049
109658
289253
78490
465571
344272
487124
678175
118847
594898
530346
473404
320882
944930
695143
784588
431788
151353
889851
438342
663366
804143
291928
401840
406929
60386
388561
907143
279393
773863
437442
879918
668205
674290
911058
715847
903445
17857
841216
975752
592831
495498
23244
804782
510659
788947
328317
527865
605953
46272
585420
467700
601075
789227
626453
420129
427020
789245
43629
699564
636487
146594
616237
