3
78
182
231
477
480
676
710
713
807
834
997
1021
1130
1189
1259
1268
1316
1477
1546
1660
1790
1833
1948
2123
2126
2298
2318
2352
2355
2362
2465
2596
2600
2614
2654
2772
2778
2845
2886
2954
2958
3088
3118
3191
3191
3193
3267
3421
3437
3761
3816
3894
3972
3977
4082
4118
4172
4317
4404
4476
4552
4762
4785
5213
5352
5458
5523
5573
5613
5695
5763
5861
5997
6115
6219
6434
6525
6588
6740
6744
7025
7032
7080
7325
7400
7404
7702
7851
7983
8303
8322
8331
8444
8468
8489
8526
8668
8713
8819
8912
8963
8997
9022
9223
9239
9483
9606
9674
9704
9743
9874
9888
10111
10156
10175
10189
10429
10503
10520
10553
10582
10901
11037
11170
11202
11311
11444
11508
11518
11525
11636
11658
11664
11678
11746
11837
12079
12091
12156
12197
12223
12238
12307
12335
12481
12606
12627
12935
13118
13167
13272
13316
13324
13450
13461
13615
13651
13656
13709
13802
13825
13989
14050
14325
14412
14422
14536
14633
14713
15020
15353
15651
15669
15752
15774
15886
16126
16588
16627
16675
16715
17086
17245
17326
17531
17629
17630
17668
17835
17857
17943
18093
18134
18135
18225
18327
18420
18598
18607
18710
18781
18833
18854
18966
18975
19001
19019
19186
19209
19211
19293
19330
19424
19467
19488
19588
19620
19741
19742
19775
19779
19785
19826
19846
19891
19900
19927
20073
20261
20359
20499
20577
20651
20854
20903
21034
21295
21342
21347
21351
21540
21648
21674
21922
21964
21970
22071
22159
22187
22220
22240
22558
22567
22740
23030
23140
23170
23244
23300
23366
23521
23581
23625
23684
23746
23995
24268
24336
24354
24426
24587
24628
24651
24676
24778
24850
24864
25022
25233
25466
25477
25480
25493
25558
25602
25769
25864
25866
25870
26012
26140
26151
26282
26420
26586
26679
26726
26952
27083
27165
27168
27174
27403
27540
27869
27929
28082
28134
28180
28433
28509
28558
28566
28665
28669
28675
28677
28723
28815
28821
28846
28951
28990
29097
29205
29230
29279
29385
29597
29763
29853
29943
29993
30205
30303
30373
30470
30530
30783
30904
31072
31137
31205
31295
31561
31567
31651
31669
31890
31901
31989
32102
32289
32358
32504
32603
32694
32730
32752
32870
32879
33002
33022
33053
33116
33224
33230
33431
33490
33550
33551
33603
33639
33669
33795
33878
33960
34054
34120
34127
34245
34305
34333
34334
34374
34386
34427
34510
34859
34973
35092
35199
35227
35348
35418
35708
35900
36060
36106
36345
36406
36428
36437
36575
36618
37230
37292
37348
37356
37867
37922
38097
38116
38175
38193
38273
38279
38300
38319
38403
38494
38668
38726
38744
38894
39367
39401
39433
39552
39612
39625
39795
39828
40046
40091
40468
40583
40587
40663
40730
40915
41049
41199
41279
41434
41588
41638
41645
41748
41821
41957
42180
42385
42440
42600
42645
43163
43298
43442
43528
43611
43629
43640
43688
43708
43871
43976
44016
44380
44513
44649
44698
44798
44855
44893
45107
45326
45648
45796
45855
45871
45960
46001
46123
46272
46286
46333
46367
46431
46438
46567
46580
46873
46964
46971
47120
47321
47399
47462
47782
47851
48067
48160
48250
48336
48393
48554
48623
48628
48787
48891
48974
49088
49148
49398
49512
49527
49538
49550
49581
49589
49616
49983
50207
50211
50392
50433
50766
50781
50899
50947
51004
51084
51117
51186
51260
51403
51439
51484
51599
51607
51649
51751
51926
52002
52170
52278
52551
52584
52594
52643
52705
52779
52783
52788
52915
53001
53016
53111
53494
53526
53772
53905
53988
54126
54259
54272
54353
54416
54589
54650
54752
54945
55165
55354
55542
55636
55719
55756
56047
56095
56133
56172
56174
56186
56332
56379
56430
56515
56558
56565
56613
56858
56874
57043
57398
57405
57433
57566
57799
57941
57960
58177
58215
58374
58418
58470
58527
58533
58560
58572
58819
58850
58991
59200
59475
59481
59516
59872
59945
59947
59965
60035
60167
60213
60362
60386
60452
60591
60607
60729
60913
60921
61052
61114
61191
61373
61422
61500
61637
61779
61933
62013
62143
62231
62581
62751
62912
62944
62993
63028
63038
63076
63119
63156
63173
63269
63367
63385
63548
63698
63910
63991
64101
64262
64328
64492
64493
64522
64659
64665
64704
64808
65003
65088
65100
65106
65276
65343
65371
65609
65732
65763
65814
65884
66049
66386
66398
66577
66613
66625
66933
67018
67252
67390
67569
67611
67709
67932
67951
68074
68082
68152
68334
68384
68478
68491
68615
68904
69173
69303
69463
69523
69528
69688
69775
69936
69947
69966
70379
70384
70503
70593
70614
70689
71442
71511
71563
71735
71822
71971
72054
72071
72219
72375
72390
72570
72632
72862
73009
73155
73188
73491
73790
73817
73911
73966
74104
74179
74344
74412
74478
74660
74689
74693
74737
74753
74873
75228
75491
75534
75639
75819
75833
76296
76443
76445
76513
76591
76688
76760
76839
76842
77041
77141
77214
77261
77435
77506
77846
77880
77956
78015
78031
78096
78276
78297
78490
78539
78640
78702
78973
79209
79291
79354
79398
79478
79539
79628
79775
79908
79908
80096
80216
80498
80795
80799
80844
80977
81015
81214
81222
81222
81273
81598
81611
81701
81707
81736
81836
81909
82062
82133
82286
82368
82413
82563
82570
82803
82862
83109
83133
83172
83435
83633
83778
83823
83935
84021
84037
84037
84104
84541
84571
84884
85031
85115
85252
85414
85804
85835
85879
85920
85932
86018
86034
86310
86425
86439
86439
86584
86674
86822
86863
87031
87286
87413
87414
87479
87512
87518
87523
87542
87580
87695
87788
87997
88049
88052
88163
88410
88443
88570
88630
88637
88667
88689
88791
89020
89090
89279
89332
89372
89383
89695
89729
89819
89985
89995
90084
90196
90248
90343
90515
90598
90620
90671
90839
90918
91028
91083
91088
91241
91383
91448
91504
91663
91732
92161
92327
92379
92404
92458
92469
92509
92525
92530
92562
92688
93061
93125
93192
93198
93200
93234
93265
93265
93272
93582
93645
93753
93777
93973
94016
94118
94122
94122
94472
94488
94489
94568
95232
95236
95242
95371
95389
95446
95485
95615
95786
95890
95962
96509
96904
96905
96947
97106
97158
97477
97538
97573
97657
97687
97925
97946
97984
97997
98166
98230
98416
98448
98593
98608
98711
98861
98873
98905
99056
99074
99098
99104
99155
99385
99401
99423
99464
99605
99690
99757
99832
99832
99991
100044
100070
100111
100372
100596
100679
100800
100833
100861
100934
101150
101251
101328
101342
101398
101600
101761
101934
101979
102054
102269
102539
102562
102589
102854
102906
102933
103209
103263
103287
103512
103786
104009
104292
104330
104351
104556
104645
104855
104927
105058
105322
105668
105710
105922
106065
106076
106119
106165
106320
106530
106563
106655
106668
107001
107097
107305
107309
107352
107374
107426
107432
107480
107544
107562
107584
107757
107779
107822
107945
108212
108288
108517
108991
109146
109163
109224
109231
109295
109321
109333
109334
109626
109658
109699
109721
109827
109843
109908
110069
110377
110445
110481
110488
110542
110870
111130
111565
111570
111730
111742
111749
111779
111881
111932
111967
112133
112367
112374
112397
112577
112646
112698
112790
112995
113007
113015
113072
113181
113195
113333
113384
113387
113392
113428
113435
113463
113621
113638
113722
113857
113900
114212
114235
114352
114461
114500
114551
114632
114788
114793
114821
114924
115100
115193
115428
115441
115517
115627
115683
115701
115724
115821
115833
116248
116608
116786
117082
117102
117221
117237
117256
117279
117325
117329
117404
117528
117670
117920
117961
118011
118060
118084
118332
118483
118534
118575
118603
118669
118742
118793
118847
118879
118916
118966
119044
119070
119126
119183
119204
119268
119350
119454
119507
119856
119980
120032
120077
120101
120434
120435
120482
120645
120685
120685
120809
121002
121117
121322
121409
121523
121571
121588
121600
121780
121839
121910
121916
121948
122087
122090
122119
122141
122264
122636
122781
123349
123410
123495
123597
123602
123647
123683
123814
123904
124021
124075
124183
124241
124374
124405
124406
124437
124641
124756
124800
124918
125087
125214
125325
125462
125538
125555
125619
125685
125802
125903
126280
126568
126645
126649
126692
126820
127053
127055
127175
127427
127770
127890
127928
128066
128178
128249
128252
128312
128502
128760
128774
128910
129185
129320
129328
129781
129826
129908
130008
130149
130228
130228
130348
130360
130386
130459
130809
130992
131108
131165
131208
131236
131289
131372
131382
131492
131553
131580
131581
131622
131634
131832
132035
132065
132080
132316
132353
132585
132604
132703
132819
133360
133483
133756
133868
133914
134113
134233
134251
134511
134701
135086
135217
135296
135316
135554
135569
135644
135652
135716
135798
135837
135869
135911
135916
136033
136119
136165
136277
136365
136381
136468
137079
137085
137254
137289
137382
137462
137928
137950
138012
138061
138074
138313
138377
138481
138598
138625
138701
138742
138955
138981
139053
139154
139219
139432
139512
139868
139897
139927
139953
139983
140045
140149
140199
140336
140562
140864
140897
140977
140984
141093
141140
141432
141491
141576
141603
141628
141649
141859
141870
142053
142156
142486
142565
142573
142793
142807
142909
143013
143044
143056
143056
143130
143221
143456
143589
143621
143624
143760
143768
143986
143994
144143
144193
144230
144238
144338
144349
144427
144459
144483
144532
144539
144547
144547
144676
144714
144755
144808
144885
145028
145085
145162
145185
145192
145289
145342
145556
145976
146174
146197
146367
146380
146385
146484
146507
146543
146594
146685
146705
146751
146852
146915
146972
147037
147087
147172
147178
147194
147488
147559
147737
147805
147963
148027
148085
148122
148233
148354
148601
148662
148781
148796
149000
149034
149042
149077
149093
149125
149241
149279
149398
149621
149638
149690
149782
149886
150140
150255
150762
150943
151059
151081
151181
151268
151291
151353
151450
151472
151722
151739
151754
151771
151786
151915
151996
152072
152153
152191
152230
152316
152568
152577
152667
152716
152750
152913
153011
153110
153317
153626
153670
153759
153870
153877
154029
154281
154539
154624
154673
154811
155111
155137
155150
155159
155428
155491
155585
155597
155710
155727
155783
155809
155822
155886
155890
155955
155968
155976
156209
156432
156474
156496
156690
156799
156816
156817
156839
156916
156956
156995
157001
157365
157421
157496
157511
157520
157562
157774
157894
157908
158124
158139
158186
158309
158431
158573
158626
158714
158745
158753
158991
159000
159306
159387
159392
159435
159599
159942
160104
160135
160211
160326
160487
160657
160669
160670
160687
160872
160936
160968
161089
161099
161155
161244
161399
161464
161527
161528
161664
161667
161673
162110
162195
162265
162280
162321
162410
162451
162624
162643
162769
162836
162889
162897
162926
162955
163024
163164
163229
163373
163488
163581
163661
163681
163917
163975
164035
164358
164401
164402
164436
164743
164881
165044
165236
165297
165308
165343
165385
165425
165477
165528
165625
165701
165752
165868
165963
165976
166133
166204
166364
166478
166887
166912
167042
167089
167194
167302
167947
168036
168120
168185
168262
168626
168657
168867
168924
168952
169008
169056
169105
169193
169256
169426
169530
169668
169729
169729
169914
170167
170367
170458
170595
170835
171035
171106
171188
171327
171495
171526
171552
171669
171713
171924
171979
172054
172402
172445
172678
172789
173247
173314
173326
173355
173497
173690
173708
173737
173803
173923
174153
174197
174425
174495
174564
174597
174647
175005
175119
175178
175324
175461
175684
175813
175842
176096
176211
176329
176777
176890
176984
177003
177022
177191
177365
177466
177632
177672
177681
177767
177804
177863
177923
178015
178046
178058
178129
178252
178255
178323
178350
178435
178528
178564
178783
178792
179199
179305
179329
179355
179417
179432
179444
179895
179929
180111
180206
180322
180467
180637
180793
180949
181135
181233
181258
181437
181514
181547
181625
181841
181869
181975
182068
182128
182204
182381
182617
182753
182885
182896
182948
182960
183129
183230
183304
183315
183796
183802
183845
184085
184089
184126
184272
184362
184409
184506
184645
184654
184754
184891
184909
185085
185145
185170
185459
185503
185599
185711
185788
185834
185888
186110
186124
186249
186276
186751
186785
186889
187147
187290
187353
187774
187785
187890
187980
188179
188410
188426
188563
188880
188948
188979
189392
189440
189509
189534
189540
189806
189968
190014
190190
190321
190329
190417
190424
190502
190525
190887
191117
191180
191219
191397
191442
191650
191666
191705
191757
191914
191939
191977
191987
192087
192137
192151
192235
192301
192342
192378
192455
192500
192511
192601
192680
192764
192882
192925
193580
193821
193869
193941
193973
194065
194159
194286
194375
194425
194476
194520
194693
194712
194787
194840
194868
194974
195569
195654
195845
195864
196070
196094
196131
196188
196255
196319
196405
196468
196638
196880
196928
197027
197268
197306
197465
197499
197553
197583
197801
197832
197867
197884
197909
198070
198093
198094
198140
198509
198527
198611
198753
198791
198813
198842
198947
199189
199415
199568
199653
199690
199860
199862
199862
199991
200036
200151
200188
200206
200408
200510
200645
200813
201079
201208
201255
201297
201510
201520
201700
201706
201843
202009
202063
202128
202135
202240
202409
202489
202494
202565
202736
202780
202873
203103
203135
203179
203358
203366
203477
203659
203768
203797
203808
203830
204042
204054
204097
204100
204114
204178
204251
204396
204562
204602
204620
204622
204648
204662
204673
204731
204750
205110
205233
205251
205325
205374
205378
205577
205651
205881
205910
206149
206366
206429
206839
207009
207077
207139
207225
207240
207253
207471
207571
207588
207788
207882
207905
208067
208075
208236
208602
208669
208706
208806
208851
209008
209066
209334
209381
209434
209504
209665
209711
209729
209774
209814
209900
210089
210092
210126
210189
210216
210303
210460
210796
210889
210965
211261
211289
211325
211364
211563
211657
211792
211904
211973
212070
212272
212341
212670
212777
212800
212838
212993
213051
213055
213132
213170
213462
213484
213519
213547
213768
213769
213876
214154
214195
214222
214236
214338
214516
214694
214791
214839
215053
215340
215427
215430
215504
215608
215621
215822
215843
215852
215856
215973
216131
216328
216474
216515
216585
216705
216721
216756
217047
217176
217287
217374
217469
217539
217726
217740
217765
217858
217897
218325
218376
218510
218786
218930
219014
219050
219064
219152
219448
219524
219534
219535
220168
220184
220259
220341
220348
220543
220564
220616
220884
220893
220989
221003
221026
221034
221071
221165
221194
221250
221258
221671
221684
221721
221724
221728
221844
221849
222048
222165
222432
222505
222612
222621
222725
222762
222941
222971
223073
223376
223873
223935
224043
224117
224174
224204
224257
224274
224379
224476
224518
224656
224673
224808
225176
225234
225301
225307
225608
225618
225708
225760
225774
225907
225919
225952
226013
226037
226095
226258
226291
226306
226401
226414
226450
226507
226551
226645
226797
226892
226913
226959
227140
227248
227259
227324
227359
227368
227379
227448
227493
227547
227632
227645
227733
227844
227889
227924
228037
228067
228231
228239
228251
228281
228288
228363
228413
228497
228619
228751
228753
228770
228859
229116
229157
229344
229649
229655
229773
229811
229817
229890
230028
230154
230258
230608
230720
230852
231163
231212
231294
231340
231374
231430
231452
231528
231631
231639
231778
231965
232329
232360
232375
232500
232551
232561
232766
232808
232898
232950
232957
232987
233006
233114
233270
233295
233649
233681
233731
233947
233988
234002
234073
234161
234234
234250
234303
234332
234389
234447
234676
234811
235039
235047
235068
235069
235088
235093
235148
235165
235247
235465
235527
235542
235662
235720
235754
235989
236074
236093
236125
236133
236163
236269
236297
236308
236350
236385
236508
236523
236534
236546
236625
236626
236783
236851
237257
237289
237338
237383
237408
237448
237846
238034
238223
238324
238459
238598
238612
238661
238889
239313
239460
239506
239520
239549
239663
239727
239849
239861
239875
239948
239953
240017
240095
240199
240241
240279
240293
240486
240551
240744
240760
240790
240834
241027
241033
241232
241247
241331
241535
241577
241665
241683
241693
241905
241918
242003
242116
242415
242429
242497
242582
242762
242840
242915
242976
243090
243185
243329
243371
243461
243556
243608
243737
243855
243881
243985
244123
244224
244261
244321
244336
244515
244516
244590
244620
244751
244783
244883
244997
245053
245054
245066
245238
245240
245350
245442
245448
245481
245487
245518
245580
245596
245667
245834
246231
246714
246791
247081
247142
247197
247244
247247
247288
247333
247363
247426
247481
247544
247642
247681
247754
247799
247919
248182
248230
248267
248280
248442
248577
248792
248850
248860
248893
248982
249135
249149
249400
249653
249658
249801
249838
249893
250182
250242
250258
250546
250596
250674
250701
251045
251150
251261
251389
251636
251657
251894
251992
252280
252395
252409
252533
252549
252616
252870
253149
253240
253317
253427
253504
253526
253559
253844
254187
254283
254325
254502
254564
254744
254795
254802
255010
255137
255537
255543
255551
255562
255605
255806
255839
255894
255948
256001
256067
256192
256222
256324
256463
256652
256818
256950
256986
257050
257183
257217
257292
257363
257530
257727
258124
258228
258693
258723
258815
258823
258844
259025
259069
259110
259211
259234
259445
259484
259515
259535
259645
259709
260077
260127
260150
260162
260231
260238
260378
260524
260596
260627
260789
261169
261198
261212
261240
261278
261299
261361
261415
261753
261885
261915
262095
262112
262140
262151
262341
262481
262917
263086
263092
263248
263305
263322
263437
263480
263481
263733
263821
263886
264395
264505
264712
264844
264968
264978
265008
265106
265130
265161
265175
265203
265207
265307
265337
265455
265643
265711
265774
266017
266504
266631
266686
266801
266947
266991
267250
267253
267322
267470
267542
267631
267640
267670
267678
267697
268146
268223
268242
268277
268308
268322
268375
268532
268549
268580
268652
268726
268730
268769
268803
269090
269164
269239
269343
269695
269816
269914
270039
270164
270301
270419
270659
270755
270835
270890
271044
271081
271518
271627
271671
271707
271724
271784
271804
272044
272062
272129
272184
272284
272602
272644
272680
272701
272774
272824
272886
272919
272922
272997
273000
273032
273216
273372
273454
273609
273726
273731
273835
273878
274049
274071
274116
274293
274318
274546
274608
274684
274774
274995
275085
275121
275161
275308
275393
275473
275670
275784
275798
275811
275858
275921
276292
276550
277034
277048
277164
277373
277512
277596
277710
277759
277989
277994
278249
278263
278358
278439
278817
278953
279088
279113
279113
279266
279393
279409
279637
279639
279674
279830
279873
280021
280158
280163
280323
280524
280542
280605
280751
281031
281212
281455
281527
281554
281812
281870
281896
282068
282111
282382
282384
282449
282562
282693
282758
282862
282872
282946
283003
283021
283049
283188
283327
283626
283739
283745
283904
284047
284262
284450
284682
284889
284945
284979
285063
285113
285326
285421
285599
285610
285618
285941
285945
285988
286010
286051
286128
286153
286185
286322
286618
286798
286858
286962
286989
286992
287029
287078
287170
287174
287321
287333
287359
287368
287390
287444
287708
287713
287756
287926
288224
288861
289160
289196
289253
289442
289474
289474
289500
289587
289697
289883
290223
290231
290337
290433
290565
290575
290585
290786
290925
291017
291210
291556
291699
291736
291862
291928
291965
292032
292034
292158
292183
292327
292547
292589
292613
292629
292671
292691
292738
292791
292802
292914
293124
293179
293364
293602
293617
293871
293928
293938
294261
294429
294451
294525
294532
294576
294719
294806
295090
295105
295120
295189
295213
295297
295345
295423
295514
295547
295637
295651
295796
295805
295824
295825
295901
295912
296020
296045
296116
296218
296229
296241
296567
296595
296626
296738
297042
297049
297140
297156
297197
297248
297330
297370
297422
297785
298106
298251
298401
298408
298436
298479
298712
298740
298758
299001
299041
299140
299153
299220
299334
299444
299600
299690
299719
299723
299723
299725
299774
299806
299882
299950
300021
300112
300158
300165
300440
300703
300777
300828
300971
301042
301148
301213
301261
301296
301321
301488
301528
301571
301594
301610
301648
301661
301702
301739
301740
301798
301944
302109
302133
302153
302196
302770
302774
302847
302900
302995
303011
303045
303110
303132
303214
303326
303337
303405
303882
303885
303914
303925
304030
304097
304235
304284
304479
304564
304621
304686
305087
305222
305352
305359
305401
305414
305465
305497
305696
305867
305930
306029
306046
306151
306196
306291
306343
306476
306498
306558
306584
306652
306791
306821
306923
306925
307014
307019
307083
307260
307291
307335
307379
307544
307559
307607
307635
307715
307828
307958
307977
308012
308065
308133
308184
308204
308225
308380
308518
308630
308789
308932
309077
309179
309232
309244
309386
309483
309590
309598
309614
309676
309915
310138
310214
310221
310295
310332
310570
310634
310673
310678
310727
310748
310786
310878
310951
310967
311372
311392
311531
311591
311652
311684
311742
311765
311806
311923
312002
312027
312592
312641
312745
312907
313286
313379
313444
313474
313634
313684
313877
313898
313900
313994
313999
314036
314042
314227
314248
314264
314285
314360
314377
314433
314484
314494
314547
314585
314890
315139
315154
315211
315400
315508
315628
315669
315703
315865
315921
315995
316216
316295
316334
316381
316387
316663
316690
316697
316836
316895
316973
317227
317238
317316
317407
317652
317677
317684
317687
317810
317858
317964
318097
318142
318352
318465
318489
318492
318675
318705
318762
318903
319024
319290
319313
319440
319470
319498
319583
319824
320048
320078
320172
320179
320227
320243
320281
320390
320882
320933
320956
320993
321011
321024
321202
321252
321369
321592
321667
321686
321722
322019
322233
322732
322757
322811
322856
322895
323049
323054
323056
323289
323437
323538
323805
323891
324223
324379
324627
324655
324767
324848
324872
324930
324996
325103
325211
325429
325681
325688
325914
325959
326057
326105
326193
326212
326267
326282
326512
326539
326591
326597
326642
326661
326790
326863
326991
327013
327062
327134
327453
327613
327640
327945
328036
328100
328267
328272
328283
328317
328381
328437
328478
328624
328710
328732
328766
328819
329070
329159
329210
329230
329278
329333
329366
329394
329404
329429
329573
329592
329602
329648
329658
329681
329803
330204
330285
330355
330428
330525
330588
330596
330677
330680
330724
330730
330815
330825
330925
330945
330962
331095
331099
331145
331197
331432
331460
331513
331571
331578
331668
331712
331720
331954
332065
332340
332383
332411
332438
332508
332570
332650
332709
332810
332951
332957
332975
333074
333107
333232
333341
333414
333452
333555
334071
334089
334234
334237
334628
334645
334652
334729
334807
334831
335042
335191
335256
335277
335479
335568
335641
335769
335839
335839
335870
336246
336649
336792
336998
337033
337156
337179
337208
337318
337375
337501
337527
337576
337900
338129
338147
338165
338224
338320
338364
338368
338380
338649
338742
338893
339110
339128
339205
339346
339501
339604
339723
339812
339852
339894
339973
340053
340235
340850
340922
340999
341157
341235
341286
341494
341641
341643
341687
341704
341756
341953
342499
342546
342589
342620
342655
342715
342803
342903
343063
343207
343226
343247
343334
343366
343484
343610
343644
343662
344069
344072
344077
344123
344271
344272
344289
344289
344300
344344
344358
344389
344462
344479
344504
344526
344552
344601
344610
344626
344764
344792
344818
344894
344907
344923
345115
345191
345271
345303
345453
345497
345510
345557
345614
345668
345832
345971
346049
346078
346079
346212
346226
346452
346462
346527
346599
346711
346737
346761
346913
346922
346937
347144
347285
347363
347473
347654
347715
347739
347942
348062
348118
348171
348218
348265
348387
348451
348550
348619
348689
348847
348906
348967
349025
349133
349176
349272
349337
349355
349385
349432
349514
349722
349742
349770
349901
349952
350010
350106
350279
350352
350391
350609
350677
350853
350874
350877
351001
351019
351065
351156
351274
351416
351500
351514
351560
351929
352219
352231
352668
352821
352824
353020
353042
353064
353094
353100
353200
353368
353537
354074
354270
354270
354299
354329
354337
354628
354740
354772
354818
354879
354891
354900
354952
354994
355084
355178
355209
355445
355704
355738
355752
355772
355784
355820
355867
355868
355888
356055
356246
356316
356342
356492
356801
356913
357136
357193
357275
357435
357772
357780
357826
357887
357943
357953
358006
358246
358378
358444
358452
358493
358554
358592
358651
358710
358812
358893
359045
359053
359056
359220
359303
359310
359611
359640
359705
359870
359896
359945
359974
360044
360062
360117
360364
360396
360459
360589
360774
360797
360830
361007
361108
361283
361295
361313
361863
362023
362062
362178
362321
362649
362969
363007
363068
363164
363350
363499
363585
363738
363769
363938
364012
364025
364028
364261
364670
364690
364850
365375
365521
365565
365594
365717
365839
366149
366188
366203
366352
366417
366430
366723
366881
366895
367017
367120
367259
367370
367424
367475
367495
367762
367874
368152
368186
368207
368507
368529
368658
368738
368981
369160
369210
369227
369278
369310
369329
369332
369367
369375
369404
369440
369603
369607
369738
369800
369975
370164
370311
370348
370502
370503
370854
370942
370953
370982
371110
371149
371211
371254
371545
371634
371689
371791
371798
372238
372526
372597
372710
372840
373031
373055
373139
373156
373159
373385
373765
373823
374102
374172
374532
374572
374706
374762
374767
374780
374795
374809
374828
374855
374935
374941
375017
375032
375035
375059
375090
375120
375255
375404
375507
375698
375826
375887
375896
376099
376140
376184
376213
376457
376474
376753
376892
377109
377178
377202
377212
377242
377313
377327
377335
377405
377638
377745
377838
377934
377940
377954
378076
378131
378185
378202
378242
378270
378325
378393
378462
378472
378715
378791
378907
378945
378972
378996
379114
379346
379411
379459
379675
379766
379778
379986
380002
380062
380143
380368
380408
380660
380721
380757
380780
380794
380821
380839
380878
381121
381153
381335
381452
381600
381649
381912
381942
382003
382011
382114
382539
382580
382784
382816
382825
382854
382914
382917
382948
382957
383035
383053
383120
383426
383468
383568
383572
383588
383599
383712
383999
384022
384479
384506
384574
384581
384667
384730
384737
384776
384943
384947
385252
385281
385552
385614
385628
385714
385792
385984
386025
386148
386176
386177
386205
386278
386431
386455
386607
386723
386755
386794
386935
386939
386985
387121
387266
387266
387326
387355
387454
387519
387687
387705
387945
387995
388047
388162
388176
388256
388288
388561
388609
388624
388651
388653
388670
388850
389062
389174
389187
389290
389445
389468
389559
389817
389930
390010
390026
390073
390142
390332
390561
390707
390916
391037
391133
391183
391304
391305
391315
391459
391619
391653
391715
392070
392320
392336
392515
392518
392542
392704
392857
392982
393014
393076
393556
393566
393600
393614
393682
393686
393767
393841
393866
393966
394143
394223
394707
394797
394827
394829
395003
395015
395040
395220
395349
395393
395786
395837
395852
395897
395908
396062
396122
396270
396341
396536
396542
396641
396682
396853
396929
397076
397110
397121
397162
397300
397319
397371
397524
397525
397740
397925
397960
398614
398679
398801
398982
399065
399216
399478
399537
399582
399688
399823
399941
400002
400337
400579
400811
400914
401119
401233
401475
401480
401484
401489
401840
401949
402036
402109
402132
402183
402265
402271
402398
402540
402609
402742
402880
403148
403195
403341
403636
403693
403713
403787
404224
404361
404403
404470
404483
404531
404540
404545
404556
404582
404592
404716
404791
404852
404978
405008
405118
405308
405369
405485
405519
405654
406010
406054
406171
406281
406307
406343
406405
406647
406896
406897
406929
406932
407028
407583
407644
407701
407701
407712
407717
407737
407765
408256
408269
408319
408426
408548
408634
408704
408747
408926
408995
409201
409260
409304
409322
409341
409377
409407
409479
409667
409676
409694
409707
409752
409758
409912
410010
410072
410083
410215
410252
410284
410287
410318
410416
410447
410564
410566
410668
410701
410771
410837
410841
410852
411200
411239
411326
411370
411418
411582
411613
411705
411726
411793
411895
412020
412033
412063
412230
412245
412311
412344
412411
412411
412428
412434
412497
412582
412642
412747
412871
412948
412980
412992
413070
413186
413188
413217
413413
413823
413886
413959
414066
414202
414217
414335
414393
414462
414624
414624
414721
414928
414940
414978
415062
415219
415256
415259
415480
415873
415910
415942
415948
416129
416444
416729
416825
416893
416897
417073
417146
417246
417400
417681
417814
417901
418004
418064
418083
418270
418428
418613
418721
418747
418930
418969
419114
419288
419336
419462
419634
419690
419727
419996
420073
420106
420129
420209
420279
420615
420712
420764
420786
420802
420913
420913
420943
421043
421091
421199
421494
421522
421678
421870
421897
421936
422038
422101
422114
422116
422285
422351
422405
422413
422501
422630
422685
422986
423058
423070
423308
423518
423697
423718
423868
424013
424236
424399
424415
424416
424560
424613
424644
424659
424815
424869
425056
425090
425168
425201
425263
425288
425308
425349
425356
425429
425558
425562
425624
425795
426142
426198
426204
426220
426376
426412
426506
426541
426680
426695
426850
426879
427020
427213
427258
427371
427407
427457
427624
427699
427700
427743
427814
427961
428056
428059
428122
428132
428228
428259
428302
428553
428570
428732
428776
428977
429016
429093
429285
429303
429305
429361
429393
429395
429856
429890
430021
430157
430312
430350
430779
430865
430909
430996
431057
431096
431145
431147
431371
431568
431586
431623
431686
431788
431830
431835
432101
432178
432186
432233
432325
432465
432588
432733
432921
432937
433381
433415
433421
433427
433535
433825
433892
433965
433989
434064
434461
434600
434679
434763
434777
434790
435079
435195
435218
435265
435268
435297
435452
435495
435575
435581
435647
435756
435878
435969
436119
436133
436172
436177
436197
436306
436374
436445
436579
436677
436710
436723
436748
436751
436755
437222
437237
437364
437380
437442
437585
437699
437879
437887
438004
438288
438342
438351
438476
438579
438591
438690
438744
439057
439085
439477
439513
439540
439702
439789
439822
439930
440016
440227
440395
440586
440749
440769
441046
441193
441251
441343
441381
441437
441531
441769
441851
441857
441905
441925
442023
442024
442248
442310
442373
442472
442532
442720
442822
442960
443011
443094
443108
443121
443353
443406
443558
443561
443572
443773
443821
443945
443967
444217
444227
444248
444302
444306
444782
444937
445248
445422
445512
445516
445522
445563
445747
445897
446191
446379
446422
446645
446702
446861
446934
447126
447288
447316
447332
447646
447716
447719
447738
447826
447884
448081
448201
448333
448369
448374
448407
448464
448502
448795
448799
448911
448939
449015
449020
449181
449272
449335
449918
449946
450180
450249
450252
450280
450283
450645
450700
450888
450964
450979
451304
451369
451491
451561
451689
451716
451738
451802
451821
451942
451973
451992
452081
452114
452166
452594
452667
452681
452727
452735
452792
452820
452896
452951
452960
453034
453058
453504
453505
453581
453867
453903
453945
454035
454131
454205
454391
454419
454459
454610
454624
454789
454824
454870
454998
455052
455111
455134
455317
455337
455406
455427
456041
456078
456145
456174
456300
456446
456502
456608
456616
456621
456669
456735
456834
456868
456970
457190
457220
457262
457267
457347
457352
457448
457714
457739
457760
457772
457813
457865
457973
458029
458108
458194
458299
458327
458462
458693
459020
459316
459437
459549
459581
459656
459924
459966
460124
460129
460175
460346
460356
460469
460482
460523
460565
460656
460699
460826
460901
460969
461182
461182
461187
461196
461396
461415
461465
461625
461649
461781
461969
462014
462066
462172
462339
462562
462602
462636
462858
462869
462931
462953
463022
463187
463190
463205
463263
463453
463590
463684
463843
463856
463881
463940
464063
464094
464347
464395
464505
464596
464720
464779
464988
465115
465244
465393
465399
465433
465571
465625
465861
465988
466007
466060
466155
466346
466365
466451
466502
466600
466639
466792
466916
466923
466948
466969
467093
467169
467240
467287
467332
467445
467684
467700
467765
468059
468203
468300
468304
468595
468596
468598
468643
468647
468727
469134
469340
469395
469504
469518
469579
469716
469791
469818
469932
470021
470053
470278
470313
470443
470488
470518
470696
470728
471083
471201
471441
471603
471631
471742
471873
471983
472043
472096
472230
472640
472746
472749
472793
472830
472865
472937
472942
473404
473721
473744
473749
473755
473858
473894
473916
474071
474200
474209
474381
474407
474668
474789
474836
474939
474947
475048
475229
475305
475403
475407
475438
475641
475668
475863
475870
475940
476106
476166
476359
476527
476581
476707
476799
476813
476893
476906
476968
477073
477193
477311
477457
477516
477805
477806
477905
477979
477982
478193
478239
478432
478474
478541
478686
478732
478740
478854
478886
479013
479093
479255
479378
479457
479525
479568
479588
479593
479732
479750
480104
480478
480501
480600
480776
480970
481030
481071
481105
481271
481341
481403
481606
481691
481723
481852
481889
481890
481904
481928
481982
481996
482114
482175
482208
482396
482397
482471
482617
482724
482740
482850
482897
482912
483404
483414
483425
483444
483616
483664
483673
483758
483766
483870
483871
484035
484109
484186
484244
484319
484396
484500
484683
485023
485052
485106
485243
485321
485518
485522
485607
485631
485774
485822
485865
485894
485910
485979
486541
486553
486557
486592
486596
486621
486632
486701
486931
487062
487062
487124
487366
487714
487715
487876
487904
487918
487935
487961
487990
488042
488089
488202
488313
488381
488399
488516
488540
488658
488665
488680
488761
488825
488847
488860
488900
488904
489302
489331
489360
489480
489510
489771
489825
489837
489876
489909
489988
490270
490282
490352
490426
490521
490552
490553
490613
490811
490883
490893
490916
491080
491147
491392
491564
491801
492013
492024
492028
492148
492149
492291
492295
492314
492542
492563
492660
492667
493077
493180
493190
493297
493354
493528
493727
493733
493735
493790
493790
493913
493974
494017
494101
494159
494168
494280
494473
494502
494535
494571
494797
494845
495271
495281
495346
495392
495498
495603
495659
495695
495902
496032
496058
496132
496248
496323
496375
496420
496424
496768
496899
496947
497011
497064
497083
497450
497739
497762
497774
497828
497959
498158
498189
498625
498639
498742
498792
498819
498847
498952
499275
499281
499294
499456
499579
499726
499741
499942
500037
500228
500291
500294
500713
500787
500824
500840
501063
501240
501261
501592
501973
502291
502342
502391
502586
502617
502618
502722
502794
502910
502930
502948
502959
503021
503043
503096
503390
503408
503498
503542
503646
503688
503982
504252
504388
504391
504428
504560
504631
504705
504730
505085
505107
505235
505311
505318
505321
505472
505716
505885
505895
506046
506082
506139
506154
506192
506192
506225
506295
506401
506456
506499
506728
506752
506916
507012
507067
507119
507191
507200
507202
507202
507255
507410
507475
507508
507526
507678
507987
508029
508190
508202
508326
508417
508519
508548
508792
508800
508895
508920
508932
508963
509091
509317
509327
509475
509487
509520
509575
509734
509826
509831
509832
509939
509945
509950
510060
510310
510580
510585
510659
510750
510868
510917
511060
511135
511282
511413
511476
511482
511596
511831
512069
512234
512423
512455
512839
513239
513414
513447
513782
513905
513906
513949
514520
514561
514564
514670
514837
514852
514883
514915
515228
515326
515345
515380
515402
515437
515671
515871
515939
516027
516225
516282
516368
516412
516573
516592
516702
516916
516938
517080
517097
517198
517212
517399
517421
517444
517549
517553
517645
517687
517732
517735
517869
517939
518393
518591
518672
518921
518934
519062
519158
519161
519351
519390
519461
519471
519588
519707
519723
519887
519990
520237
520350
520603
520962
521052
521351
521472
521538
521681
521745
521894
521990
522118
522200
522268
522400
522531
522575
522612
522750
522781
522844
522898
522960
523063
523291
523345
523352
523393
523438
523838
523851
523992
523999
524073
524159
524487
524579
524861
524881
524959
525088
525110
525125
525166
525222
525254
525275
525456
525525
525919
526112
526123
526124
526211
526332
526441
526562
526904
527127
527203
527209
527238
527496
527508
527723
527865
527926
528099
528258
528273
528360
528369
528480
528486
528509
528693
528799
529068
529138
529142
529341
529546
529773
529885
529912
529919
529955
529992
530053
530103
530112
530143
530206
530219
530346
530471
530532
530566
530745
530826
530866
530969
530970
530990
531041
531069
531147
531163
531281
531376
531398
531532
531590
531593
532019
532227
532289
532333
532345
532466
532626
532650
532681
532838
532873
533002
533171
533241
533284
533288
533298
533313
533377
533675
533954
534044
534046
534269
534501
534513
534664
534692
534984
535093
535149
535191
535362
535398
535423
535494
535513
535521
535582
535793
536209
536424
536876
536907
536962
536998
537184
537360
537392
537418
537511
537685
537714
537738
537939
537961
538113
538139
538302
538462
538474
538645
538657
538779
538995
539025
539198
539295
539367
539527
539760
539855
539895
539933
539938
540029
540053
540063
540081
540321
540374
540425
540517
540531
540605
540646
540784
540882
540997
541005
541150
541314
541842
541923
542046
542064
542340
542365
542377
542387
542509
542670
542767
543015
543120
543129
543213
543373
543586
543715
544246
544322
544400
544991
545145
545306
545418
545479
545487
545513
545743
545755
545792
545966
545975
546025
546057
546059
546149
546255
546307
546464
546764
546910
546958
547018
547026
547112
547289
547352
547408
547454
547539
547601
547685
548054
548097
548436
548505
548767
548902
548926
548928
548992
549034
549259
549317
549412
549438
549441
549509
549585
549713
549774
549870
549877
550222
550257
550336
550403
550518
550552
550654
550711
550779
550846
550943
551053
551132
551193
551263
551284
551331
551408
551493
551598
551661
551885
551932
552066
552199
552260
552473
552560
552594
552607
552648
552669
552744
552812
552822
552843
552850
552859
552954
553111
553119
553160
553524
553576
554050
554075
554157
554377
554590
554592
554643
554719
554874
554901
555140
555348
555476
555483
555540
555726
555740
555770
555892
555936
555948
556086
556096
556199
556240
556307
556331
556383
556558
556637
556655
556662
556803
557054
557230
557276
557317
557473
557579
557588
557614
557692
557718
557740
557923
557960
557994
558217
558385
558619
558909
559140
559201
559208
559366
559515
559580
559658
559829
559940
559940
560029
560085
560227
560343
560464
560535
560602
560603
560670
561005
561079
561145
561158
561184
561770
561912
562122
562124
562310
562317
562713
562721
562822
562833
562836
562981
563267
563271
563320
563441
563542
563642
563873
563908
563912
564465
564527
564664
564664
564690
564834
564925
564965
565142
565243
565312
565319
565516
565691
565949
565959
565966
565978
566512
566516
566642
566875
566951
567167
567574
567868
567981
568280
568282
568537
568587
568620
568713
568721
568911
569035
569109
569168
569326
569345
569484
569500
569507
569523
569644
569656
570249
570367
570407
570586
570629
570677
570758
571111
571174
571291
571646
571684
571791
571810
571883
572052
572175
572371
572548
572678
572681
572707
572830
572906
573011
573305
573328
573416
573507
573588
573606
573656
573756
573812
574034
574170
574258
574324
574346
574352
574404
574490
574494
574636
574651
574985
574985
575074
575182
575204
575220
575263
575362
575379
575392
575738
575814
575858
575890
575904
575970
576000
576152
576237
576250
576270
576457
576507
576525
576619
576709
576755
576838
577033
577208
577260
577312
577370
577420
577588
577685
577928
578021
578142
578176
578234
578613
578649
578665
578928
578957
578994
579210
579273
579324
579348
579498
579704
579950
579961
580099
580287
580353
580440
580548
580646
580668
580711
580880
580913
580981
581006
581079
581256
581398
581682
581689
581803
581836
581874
581883
581976
581992
582046
582231
582346
582351
582430
582493
582597
582827
582868
582921
582952
583104
583225
583331
583368
583472
583513
583545
583612
583658
583748
583757
583764
583773
583776
584062
584068
584489
584607
584635
584656
584668
584686
584821
584842
584886
584896
584901
584953
585075
585130
585392
585420
585441
585497
585589
585597
585771
585802
585912
585916
586070
586135
586143
586148
586236
586721
586982
587135
587224
587244
587265
587456
587497
587502
587741
587747
587790
587873
587889
587903
588064
588220
588271
588410
588498
588631
588748
588803
588875
588893
589024
589122
589154
589202
589410
589468
589497
589518
589675
589986
589988
590686
590862
590918
590944
590948
591075
591154
591185
591303
591317
591343
591363
591377
591579
591632
591716
591735
591833
591881
591967
592097
592157
592290
592303
592350
592491
592780
592797
592831
592848
592927
593014
593028
593061
593114
593157
593166
593238
593271
593277
593398
593497
593572
593784
593862
594167
594307
594335
594475
594500
594701
594814
594857
594895
594898
595025
595139
595144
595218
595233
595355
595377
595429
595623
595661
595692
595742
595763
595855
595869
596035
596037
596161
596207
596215
596242
596613
596714
596773
596790
596801
596854
596864
596966
597009
597194
597413
597704
597733
597775
597825
598111
598295
598302
598506
598675
598717
598724
598954
599113
599298
599425
599506
599582
599583
599588
599654
599765
599843
600145
600198
600265
600389
600531
600605
600620
600939
601019
601075
601101
601273
601446
601483
601647
601667
601707
601760
601990
602006
602134
602165
602224
602403
602550
602638
602653
602741
602948
602971
603109
603114
603227
603236
603540
603544
603819
603901
604195
604281
604296
604301
604434
604501
604674
604750
604782
604821
604934
604947
604997
605068
605187
605194
605232
605317
605382
605758
605774
605835
605844
605888
605912
605953
606198
606315
606546
606562
606589
606640
606678
606877
606898
607032
607066
607214
607456
607522
607570
607629
607669
607806
608355
608380
608402
608474
608519
608524
608626
608792
608939
609137
609153
609267
609272
609297
609308
609332
609357
609402
609404
609655
609692
609816
610051
610067
610117
610179
610202
610277
610936
611004
611074
611513
611759
611887
612004
612171
612311
612444
612508
612513
612778
612919
612980
613001
613168
613264
613366
613441
613540
613689
613696
613765
613860
613965
614026
614088
614136
614159
614237
614476
614729
614775
614776
614867
615037
615413
615489
615491
615542
615762
615790
615830
615835
615849
616237
616240
616293
616492
616527
616654
616688
616877
616923
616923
617135
617203
617283
617290
617457
617650
617690
617691
617696
617781
617983
617993
618512
618522
618623
618659
618753
618998
619079
619134
619225
619242
619380
619601
619741
619820
620042
620068
620150
620189
620245
620248
620289
620364
620406
620630
620645
620686
620696
620942
620976
621026
621049
621229
621277
621317
621436
621582
621605
621629
621629
621655
621675
621678
621779
621841
621906
622157
622208
622232
622344
622401
622404
622498
622511
622523
622786
622926
622967
623012
623014
623119
623282
623289
623305
623332
623468
623542
623563
623585
623799
623821
623867
623892
623990
624015
624041
624256
624275
624310
624515
624607
624651
624912
624953
625070
625209
625273
625349
625476
625508
625542
625593
625715
625821
625919
626040
626090
626186
626320
626453
626563
626768
626976
627098
627161
627300
627312
627685
627728
627773
627814
627928
628025
628067
628117
628586
628730
628754
628791
628806
628853
628858
629078
629085
629086
629105
629302
629437
629441
629750
629948
630039
630063
630264
630373
630478
630495
630535
630607
630862
631112
631154
631216
631331
631389
631579
631734
632013
632216
632532
632629
632646
632671
632728
632754
632793
632878
633005
633012
633025
633057
633075
633082
633122
633227
633241
633273
633362
633442
633487
633489
633658
633710
633755
633866
633998
634328
634372
634545
634949
634960
634974
635090
635262
635565
635756
636010
636110
636126
636300
636428
636487
636611
636744
636756
636823
636833
636950
637214
637292
637405
637508
637599
637737
637775
638056
638108
638406
638577
638667
638679
639030
639042
639052
639123
639154
639260
639376
639461
639757
639917
640111
640164
640235
640241
640241
640323
640428
640474
640553
640750
640784
640895
640933
640993
641174
641312
641718
641728
641735
641781
641926
642016
642027
642056
642130
642375
642819
642822
642871
642882
643074
643278
643305
643320
643327
643489
643562
643633
643664
643916
644011
644199
644243
644387
644390
644490
644491
644502
644503
644559
644627
644722
644811
644991
645022
645238
645264
645345
645531
645877
646067
646147
646415
646544
646665
646731
646786
647103
647343
647424
647611
647634
647653
647969
648059
648180
648455
648524
648775
648817
649033
649074
649177
649264
649298
649329
649421
649831
649863
649877
649907
650257
650303
650524
650667
650715
650727
650833
650956
650990
651097
651240
651266
651388
651418
651456
651587
651773
651864
651909
651972
652078
652270
652304
652322
652365
652419
652482
652519
652688
652940
653112
653250
653260
653272
653374
653468
653536
653585
653681
653698
653745
653903
653948
653967
654136
654253
654325
654345
654582
654644
654657
654675
654910
654965
654972
654997
655029
655080
655214
655377
655581
655600
655792
655905
656086
656259
656303
656536
656557
656677
656733
656841
656901
656917
656966
656971
656973
656986
657382
657393
657512
657616
657685
657939
658109
658154
658445
658696
658785
658963
658968
659067
659141
659191
659257
659410
659449
659483
659948
659999
660028
660195
660403
660483
660493
660520
660558
660594
660780
660848
660855
660870
661066
661159
661211
661295
661505
661618
661662
661671
661815
661930
662034
662076
662242
662348
662532
662543
662593
662702
662808
662906
663027
663044
663056
663225
663341
663348
663366
663366
663392
663448
663569
663574
663840
663995
664194
664223
664292
664641
664771
664795
664867
665052
665060
665109
665114
665175
665197
665276
665374
665388
665460
665748
665797
665901
666080
666115
666323
666366
666372
666466
666689
666750
666758
666929
667058
667105
667507
667541
667691
667756
667834
667857
667860
668129
668205
668299
668324
668358
668364
668382
668431
668538
668596
668733
668799
668860
668888
669018
669050
669084
669094
669382
669444
669513
669541
669667
669939
669941
669960
669964
670266
670350
670492
670589
670607
670653
670918
670984
670999
671266
671524
671600
671867
672101
672165
672179
672474
672640
672675
672685
672905
673136
673165
673410
673505
673537
673893
674010
674145
674258
674290
674298
674313
674483
674496
674680
674742
674748
674832
674880
675007
675029
675032
675382
675392
675439
675441
675467
675496
675550
675644
675711
675793
675813
675935
676002
676074
676075
676078
676144
676410
676609
676657
676693
676698
676706
676708
677007
677367
677375
677443
677453
677608
677906
678054
678059
678175
678194
678275
678408
678661
678958
678969
678969
678976
679018
679105
679354
679417
679578
679653
679698
679772
679851
680113
680270
680402
680489
680686
681125
681258
681532
681552
681671
681831
681832
681916
682593
682657
683111
683184
683461
683506
683598
683857
683963
684010
684067
684171
684268
684354
684539
684561
684587
684630
684670
684733
684841
684875
684913
684993
685256
685297
685536
685802
685853
685909
685933
686196
686338
686356
686503
686583
686600
686753
686807
686940
687086
687237
687270
687285
687302
687397
687428
687525
687674
687703
687876
687911
688212
688406
688532
688602
688608
688643
688659
688814
689009
689311
689466
689469
689764
689866
689879
689899
689959
689976
690034
690250
690367
690476
690856
690926
690972
691049
691109
691436
691489
691511
691529
691546
691639
691749
691949
691962
691962
692417
692502
692720
692867
693035
693055
693088
693093
693435
693520
693601
693837
693892
693943
694091
694198
694207
694270
694293
694473
694542
694635
694954
695143
695266
695354
695375
695390
695533
695535
695563
695596
695665
695715
695885
696073
696182
696445
696474
696722
696768
696848
696928
697089
697113
697137
697239
697348
697439
697513
697654
697676
697690
697844
697880
697897
698172
698411
698604
698658
698667
698668
698676
698680
698907
699118
699134
699202
699205
699222
699283
699311
699370
699564
699851
699899
700021
700048
700081
700113
700209
700278
700342
700644
700966
701119
701344
701385
701442
701661
701866
701922
702229
702281
702285
702305
702355
702379
702572
702588
702668
702678
702695
702779
702815
702844
703028
703030
703062
703065
703265
703561
703611
703616
703631
703869
704338
704342
704369
704479
704523
704647
704655
704740
704761
704796
705034
705092
705292
705428
705714
705836
705888
705914
706095
706099
706127
706296
706375
706381
706578
706667
706780
706810
707121
707503
707612
707726
707971
708137
708150
708167
708184
708317
708556
708574
708755
708882
708916
709137
709249
709300
709525
709543
709642
709643
709683
709783
709847
709898
710218
710300
710336
710408
710503
710504
710642
710721
710780
710795
710872
710880
711015
711175
711235
711558
711845
711922
711970
712236
712462
712478
712492
712503
712733
712768
712847
712848
712897
712981
713020
713065
713152
713393
713554
713721
713739
714037
714102
714153
714257
714311
714520
714625
714630
714700
714777
714826
714878
714899
715015
715070
715387
715460
715660
715698
715843
715847
716071
716121
716153
716293
716307
716454
716562
716618
716643
716680
716738
717002
717020
717089
717185
717244
717337
717349
717486
717646
717658
717797
717835
717915
718022
718257
718262
718268
718414
718426
718458
718574
718586
718610
718648
718654
718818
719086
719244
719312
719331
719446
719525
719615
719691
719731
719775
719781
720068
720218
720333
720377
720622
720722
720762
720820
720834
720852
720910
720999
721010
721134
721197
721200
721218
721278
721282
721317
721437
721605
721692
721725
721764
722095
722177
722196
722220
722233
722254
722493
722644
722662
722735
722773
722870
722930
722955
723249
723290
723323
723500
723571
723605
723644
723978
723989
724169
724278
724441
724473
724482
724546
724558
724576
724739
724881
724940
725027
725039
725042
725129
725177
725186
725215
725272
725423
725426
725461
725654
725670
725753
725944
726136
726289
726365
726367
726516
726755
726981
726992
727284
727530
727592
727658
727729
727761
727860
727893
727936
728153
728156
728182
728190
728363
728393
728436
728748
728835
728916
728943
728959
729040
729080
729119
729154
729223
729264
729318
729397
729435
729534
729901
730066
730212
730220
730307
730342
730523
730554
730818
731005
731032
731283
731584
731597
731626
731862
731966
731993
732023
732024
732064
732735
732793
733115
733201
733371
733429
733591
733606
733624
733630
733739
733858
733879
733945
734126
734166
734223
734511
734920
735066
735070
735095
735202
735258
735478
735531
735544
735671
735696
735723
735795
735899
735916
735922
736167
736218
736220
736221
736395
736471
736609
736700
736895
736990
737066
737112
737139
737325
737345
737411
737698
737849
738050
738078
738137
738211
738343
738386
738659
738692
738794
738943
738946
739172
739207
739639
739654
739695
739825
739956
740131
740174
740252
740415
740507
740564
740586
740659
740693
741026
741086
741350
741378
741754
741872
742040
742066
742116
742253
742297
742485
742610
742631
742671
742703
743025
743101
743154
743179
743261
743834
743877
743882
743943
744064
744088
744178
744483
744484
744751
744838
744927
745138
745259
745269
745370
745773
745780
745823
745832
745985
746229
746236
746341
746793
746845
746858
746953
746954
747035
747045
747166
747341
747422
747543
747605
747699
747755
747869
748001
748026
748264
748472
748512
748674
749090
749279
749570
749601
749852
749857
749923
750089
750123
750275
750352
750602
750629
750670
750675
750760
750801
750865
750884
750983
751025
751061
751133
751236
751436
751605
751640
751870
752226
752272
752689
752832
752908
752916
753024
753189
753238
753366
753396
753396
753704
753814
754050
754120
754132
754281
754302
754338
754457
754669
754763
754794
754862
754892
755115
755125
755224
755315
755446
755467
755493
755555
755627
755737
755905
756080
756210
756227
756345
756402
756426
756557
756597
756632
756891
757017
757063
757105
757157
757240
757250
757625
757864
757910
758040
758074
758216
758231
758280
758468
758698
758796
758805
758993
759025
759114
759135
759156
759221
759276
759399
759561
759601
759719
759782
759784
759985
760185
760213
760284
760353
760574
760602
760648
760847
760940
761029
761064
761192
761471
761504
761592
761931
761994
762110
762157
762205
762256
762384
762418
762444
762604
762639
762866
763009
763023
763029
763068
763091
763170
763203
763402
763503
763517
763526
763543
763589
763613
763630
763665
763678
763807
763818
764000
764219
764221
764256
764279
764354
764390
764489
764623
764701
764759
765053
765140
765249
765543
765765
765767
765815
765820
765821
765855
765895
766011
766018
766099
766437
766442
766459
766686
766866
766881
767025
767206
767246
767272
767503
767511
767743
767765
767839
768244
768253
768305
768431
768521
768616
768653
768696
768698
768772
768780
768815
769056
769177
769188
769228
769273
769413
769449
769713
769726
769779
769937
769944
770391
770578
770753
770778
770886
770897
770923
770937
771031
771356
771405
771411
771481
771519
771820
771828
771854
772013
772049
772329
772331
772410
772485
772521
772535
772552
772627
772689
772716
772755
772760
772794
773038
773073
773091
773394
773448
773522
773657
773757
773863
773907
774026
774190
774449
774459
774494
774526
774579
774671
774844
774854
774888
775249
775277
775358
775424
775433
775461
775485
775538
775618
775678
775731
775780
775863
776021
776038
776048
776298
776639
776645
776743
777242
777287
777354
777421
777529
777680
777770
777783
777794
777799
777834
777875
777978
778425
778444
778483
778508
778655
778682
778722
778887
778943
779024
779068
779144
779153
779546
779577
779757
779820
779961
780191
780196
780222
780259
780296
780442
780516
780726
780831
780956
781161
781182
781223
781329
781390
781428
781594
781636
781649
781792
781949
782061
782309
782386
782427
782665
782809
782970
783014
783167
783246
783293
783451
783661
783713
783899
783928
783968
784038
784250
784401
784539
784556
784588
784629
784785
784872
784897
784897
785000
785002
785111
785152
785233
785288
785345
785456
785461
785576
785631
785775
785840
785974
785976
786110
786320
786399
786565
786818
786909
786971
787014
787160
787207
787243
787307
787441
787449
787568
787584
787670
787761
787833
787985
788045
788115
788146
788199
788284
788325
788386
788428
788438
788478
788519
788545
788555
788734
788820
788942
788947
789111
789227
789245
789318
790138
790215
790573
790626
790652
790695
790945
791115
791172
791221
791232
791276
791500
791662
791930
791937
791969
792039
792055
792289
792375
792427
792533
792693
792720
792771
792857
793005
793083
793611
793640
793684
793810
794158
794242
794319
794346
794404
794648
794667
794896
794992
795019
795025
795107
795156
795184
795306
795337
795495
795720
795864
795868
795885
796054
796108
796116
796181
796474
796507
796567
796997
797116
797284
797331
797387
797390
797573
797684
798092
798124
798158
798240
798245
798257
798302
798614
798698
798717
798724
798855
798902
798903
798943
799246
799246
799259
799526
799586
799684
799908
799950
799981
800043
800249
800340
800340
800472
800512
800523
800691
800877
800916
801019
801239
801298
801308
801335
801521
801705
801745
801805
801861
801930
801944
802065
802337
802451
802492
802624
802651
802663
802788
802814
802834
802978
802998
803148
803403
803513
803752
803887
803889
803908
804143
804203
804205
804399
804403
804510
804520
804546
804567
804659
804660
804724
804782
804811
804924
805025
805063
805107
805119
805189
805201
805222
805396
805570
805589
805659
805669
805760
805798
805840
805925
806046
806086
806284
806354
806405
806455
806615
806700
806729
806764
806901
806917
807216
807251
807266
807270
807568
807608
807843
807874
807969
808075
808218
808289
808394
808430
808490
808657
808694
808776
808782
808838
808860
809173
809267
809335
809481
809652
809754
809850
809889
810079
810159
810208
810314
810549
810663
810825
810918
811390
811455
811500
811610
811641
811691
811698
811746
811753
811801
812092
812137
812164
812230
812380
812499
812512
812625
812736
812743
813050
813054
813065
813105
813143
813240
813310
813319
813464
813692
813812
813823
813891
813933
814018
814031
814230
814513
814627
814754
814806
814995
815382
815496
815576
815601
816087
816111
816227
816281
816282
816487
816489
816801
816916
816959
817009
817016
817024
817253
817332
817503
817738
817754
817870
817942
818386
818433
818778
818900
819181
819246
819334
819445
819487
819602
819772
819790
819997
820020
820123
820733
820879
820906
820927
821094
821338
821661
821678
821805
821834
822032
822103
822324
822417
822462
822602
822626
822657
822696
822758
822793
822835
822853
823137
823197
823241
823296
823411
823636
823721
823755
823818
823840
824013
824069
824138
824158
824187
824204
824220
824240
824289
824341
824452
824486
824612
824694
824815
824966
825067
825089
825103
825119
825188
825359
825555
825636
825702
825734
825741
825808
825841
825861
825892
826045
826267
826308
826477
826709
826829
826833
827036
827071
827138
827389
827398
827546
827622
827718
827777
827946
828178
828712
828727
828855
828892
829078
829099
829117
829142
829177
829342
829551
829706
829960
830244
830450
830480
830495
830547
830606
830728
830826
831075
831138
831207
831278
831285
831287
831362
831380
831436
831617
831675
831680
831816
831851
831907
832229
832307
832342
832372
832484
833056
833064
833207
833226
833255
833349
833422
833452
833583
833595
833636
834073
834114
834118
834247
834268
834413
834639
834803
834832
834919
834931
835041
835214
835273
835449
835518
835763
836008
836091
836174
836313
836330
836335
836372
836548
836581
836913
837071
837122
837129
837137
837203
837338
837382
837405
837412
837428
837526
837578
837777
837872
837884
837964
838021
838061
838210
838495
838507
838593
838764
838850
838967
839127
839137
839198
839292
839367
839402
839465
839477
839481
839553
839762
839984
840145
840430
840615
840710
840732
840827
840844
841181
841216
841257
841263
841286
841439
841447
841559
841677
841809
841835
842191
842236
842409
842624
842690
842711
842813
843072
843168
843301
843391
843532
843598
843792
843843
844018
844353
844387
844454
844537
844574
844613
844615
844671
844895
845128
845163
845246
845287
845350
845768
845804
845832
845844
845872
845976
846006
846123
846139
846325
846783
846847
846995
847095
847188
847307
847409
847480
847550
847568
847653
847665
847690
847863
847920
848021
848335
848364
848504
848516
848717
848818
848891
849043
849165
849291
849426
849574
849717
849817
849873
850071
850094
850208
850333
850452
850461
850548
850617
850669
850687
850697
850699
850745
850751
850760
851481
851544
851819
852114
852158
852168
852202
852300
852458
852648
852716
852727
852750
852847
853000
853023
853050
853147
853237
853269
853472
853480
853485
853497
853657
853791
853904
853909
854021
854059
854140
854233
854295
854390
854492
854571
854652
854769
854927
855306
855342
855354
855472
855503
855542
855684
855695
855737
855743
855860
855865
855896
855953
856025
856029
856186
856236
856259
856463
856551
856558
856581
856747
856775
856844
856912
857091
857117
857184
857420
857625
857967
858222
858317
858510
858525
858545
858567
858583
858604
858618
858750
859076
859113
859220
859248
859475
859482
859557
859571
859704
859779
859810
860103
860130
860147
860232
860255
860284
860349
860376
860512
860818
860973
861224
861322
861518
861716
862011
862291
862297
862382
862473
862626
862644
862785
862812
862924
863019
863031
863302
863416
863482
863502
863519
863580
863630
863957
864204
864295
864344
864357
864491
864864
864915
864949
865116
865123
865125
865199
865712
865731
865835
866095
866119
866328
866513
866537
866656
866731
866813
866868
866977
866987
867119
867323
867330
867449
867737
867740
867789
867877
867954
867986
868068
868405
868694
868712
868894
868924
868943
868946
869018
869051
869104
869228
869319
869449
869567
869661
869758
869789
869841
870085
870104
870265
870277
870343
870485
870529
870717
870778
871041
871065
871255
871342
871403
871414
871430
871443
871467
871696
871836
872145
872355
872487
872537
872559
872592
872649
872675
872771
872841
872841
872845
873159
873194
873328
873411
873474
873512
873519
873526
873644
873848
873897
873947
874195
874214
874376
874519
874524
874581
874582
874635
874707
874794
874853
874858
874952
875049
875160
875228
875259
875339
875410
875451
875511
875524
875810
875868
876023
876178
876253
876418
876498
876602
876908
877083
877115
877381
877548
877580
877632
877933
877934
878063
878180
878273
878370
878569
878708
878827
878893
878990
879028
879036
879100
879221
879253
879346
879373
879465
879487
879558
879687
879855
879864
879918
879995
880069
880150
880152
880169
880181
880205
880262
880292
880331
880541
880589
880593
880662
880683
880897
880947
880958
881027
881231
881248
881423
881547
881640
881682
881690
881926
881965
882059
882222
882233
882297
882361
882402
882441
882541
882618
882722
882785
882915
882961
883244
883328
883339
883660
883699
883906
883937
883953
884195
884712
884758
884885
885057
885085
885129
885175
885177
885279
885313
885377
885557
885559
885726
885781
885835
886282
886293
886548
886628
886910
886977
886997
887033
887114
887153
887296
887328
887395
887410
887442
887464
887607
887642
887681
887701
887895
888181
888219
888286
888287
888338
888501
888509
888666
888741
888792
888801
888938
889015
889041
889163
889173
889362
889440
889662
889666
889680
889821
889847
889851
889867
889931
889939
890029
890122
890191
890196
890269
890685
890917
890928
891013
891098
891127
891366
891393
891609
891666
891671
891672
891696
892187
892332
892335
892336
892404
892420
892534
892862
892890
892905
893029
893110
893132
893257
893582
893745
893868
893938
894148
894264
894359
894379
894494
894866
894988
895332
895424
895428
895644
895662
895679
895746
895984
896289
896302
896304
896345
896393
896513
896573
896610
896741
896904
897031
897349
897504
897673
897884
897934
897949
897963
898048
898053
898431
898536
898575
898661
898681
898729
898869
898936
898954
898967
899048
899127
899378
899408
899462
899522
899544
899945
900127
900229
900328
900386
900475
900477
900614
900718
900799
900834
901078
901178
901192
901210
901447
901460
901707
901723
902017
902217
902455
902466
902833
902957
902981
903022
903023
903204
903291
903337
903351
903436
903445
903741
903887
903978
904037
904084
904355
904555
904664
904700
904754
904940
905089
905109
905258
905312
905429
905545
905580
905587
905899
906028
906098
906107
906159
906250
906440
906526
906792
906947
907000
907020
907143
907147
907194
907205
907513
907727
907841
907958
907984
908191
908198
908275
908368
908403
908404
908533
908601
908799
908869
908871
908906
909114
909146
909148
909423
909433
909475
909612
909696
910011
910146
910196
910220
910317
910343
910493
910576
910604
910606
910759
910883
910912
910946
910952
910953
910954
911058
911303
911458
911503
911522
911792
911795
911911
912126
912186
912216
912220
912274
912287
912446
912450
912606
912670
912683
912760
912819
912913
912934
912965
913155
913181
913193
913228
913246
913267
913371
913376
913438
913538
913539
913541
913562
913597
913597
913610
913950
914134
914148
914317
914326
914520
914687
914916
914942
914973
914978
915084
915091
915126
915225
915506
915528
915889
915905
915999
916056
916129
916164
916181
916255
916454
916870
916933
917285
917403
917578
917786
917849
917896
917913
917921
918069
918097
918151
918254
918316
918581
918588
918608
918696
919117
919461
919661
919755
919772
919850
919904
920053
920156
920228
920252
920307
920310
920325
920560
920586
920725
920875
920889
920978
921202
921282
921427
921445
921606
921849
921952
922004
922161
922292
922343
922361
922400
922687
922702
922775
922941
923041
923191
923261
923328
923418
923451
923545
923659
923673
923875
924245
924287
924344
924370
924371
924498
924616
924661
924725
924944
924997
925103
925113
925177
925302
925427
925516
925659
925730
925841
926087
926113
926116
926153
926263
926330
926346
926415
926464
926526
926560
926975
927132
927311
927856
927927
928004
928225
928242
928265
928437
928539
928611
928642
928701
928710
928734
928771
928776
928857
928884
929044
929173
929282
929336
929450
929573
929576
929799
930016
930214
930252
930310
930424
930586
930654
930684
930904
931177
931306
931311
931352
931501
931568
931598
931767
931913
932142
932149
932168
932180
932183
932267
932279
932401
932402
932410
932578
932635
932810
932890
933193
933233
933392
933423
933504
933698
933764
933802
934032
934163
934189
934255
934285
934292
934297
934328
934481
934574
934705
934861
934890
934975
935093
935188
935192
935524
935634
935644
935645
935667
935721
935888
936044
936116
936198
936431
936502
936753
936769
936896
937073
937343
937490
937584
938028
938038
938125
938237
938422
938567
938586
938586
938668
938690
938860
938966
939338
939443
939641
940159
940226
940481
940501
940516
940691
940737
941033
941094
941202
941324
941519
941523
941696
941736
941822
941891
941891
942080
942197
942208
942516
942565
942577
942712
942931
942967
942969
942984
942987
943012
943204
943281
943344
943371
943639
943691
943752
943912
943942
944001
944082
944102
944219
944525
944579
944619
944711
944770
944835
944930
944946
944950
945181
945649
945825
945834
945947
945951
946134
946159
946179
946186
946441
946609
946629
946658
946679
946984
947123
947160
947167
947190
947509
947650
947685
947714
947899
947915
947964
948004
948073
948195
948420
948466
948490
948544
948610
948638
948702
948744
948816
948895
948903
948968
949064
949172
949301
949320
949745
949766
949939
949948
949975
950038
950049
950191
950231
950279
950320
950424
950476
950479
950562
950903
950952
950961
950962
951169
951244
951288
951348
951404
951426
951477
951774
951877
952192
952241
952250
952269
952607
952712
952812
952986
953026
953114
953258
953279
953334
953430
953516
953684
953728
953761
953786
953864
953991
954202
954258
954314
954542
954560
954582
954853
954932
955100
955338
955468
955474
955522
955547
955626
955700
955820
955920
955966
956007
956075
956176
956265
956268
956282
956416
956534
956553
956623
956650
957008
957068
957111
957332
957388
957545
957672
957892
957930
958072
958073
958243
958623
958670
958969
959292
959526
959594
959688
959790
959823
960000
960330
960414
960486
960505
960510
960890
960931
960975
961004
961006
961139
961172
961421
961473
961685
961776
961801
961844
961857
961878
962025
962093
962186
962245
962396
962589
962892
962894
963137
963146
963249
963428
963443
963705
963719
963870
963894
963896
963928
964041
964285
964309
964315
964346
964362
964510
964637
964658
964714
964719
964734
964758
964819
964956
965044
965101
965221
965244
965317
965509
965584
965603
965628
965689
965811
965947
966019
966218
966348
966420
966524
967066
967142
967262
967381
967716
967798
968021
968151
968439
968812
968858
968976
969078
969244
969309
969383
969445
969576
969683
969848
970122
970422
970715
970772
970796
970908
970987
971277
971348
971504
971544
971553
971561
971585
971655
971792
971924
971983
972025
972106
972368
972486
972517
972530
972666
972744
972796
972816
972843
972977
972991
973052
973199
973273
973309
973372
973376
973837
973992
974105
974136
974265
974578
974579
974580
974642
974705
974762
974775
974852
975004
975130
975183
975373
975450
975470
975505
975552
975606
975752
975752
975785
975820
975940
976038
976395
976616
976664
976759
976927
977077
977078
977089
977242
977304
977338
977367
977423
977492
977504
977715
977867
977898
977984
978001
978367
978615
978619
978760
978795
979061
979343
979391
979417
979463
979523
979533
980079
980364
980370
980459
980476
980608
980630
980721
980756
980949
980973
981038
981045
981230
981337
981362
981411
981460
981507
981635
982055
982595
982732
982785
983090
983137
983178
983261
983345
983445
983507
983518
983575
983586
983593
983684
984200
984321
984389
984473
984551
984582
984649
984657
984711
984768
984796
984852
984912
985144
985221
985358
985545
985545
985599
985621
985764
985817
985821
985927
985957
985971
986253
986495
987178
987396
987505
987518
987538
987593
987736
987818
987845
987866
988225
988288
988616
988882
988933
989084
989157
989257
989331
989358
989411
989543
989978
990105
990341
990351
990378
990383
990438
990467
990468
990564
990573
990613
990674
990739
990768
990837
990929
991428
991651
991802
992149
992184
992244
992260
992407
992456
992492
992502
992708
992714
992801
993169
993189
993311
993435
993547
993579
993661
993779
993870
993879
993986
994041
994089
994311
994399
994570
994610
994644
994715
994720
994799
994890
995192
995233
995240
995332
995355
995362
995417
995483
995533
995603
995657
995728
995733
996103
996175
996280
996296
996328
996653
996754
996862
996881
997094
997272
997281
997530
997548
997571
997639
997696
997894
998011
998463
998536
998789
998880
999041
999057
999122
999322
999361
999461
999672
999768
