1596
1753
2123
2123
4824
5631
6940
11399
11705
17932
37233
39047
41298
41428
47072
48466
48919
51151
54607
54992
57104
60069
60422
61963
64872
65804
66352
66627
66756
66915
67936
70088
70212
71943
77959
83694
89758
91582
91807
94266
96754
96953
99177
99819
101071
101220
112189
113458
115297
116823
117802
119067
125160
126099
126139
127107
127865
128670
128680
131594
132987
139259
139805
140663
145508
146303
147114
149120
156624
157540
157842
158055
160990
161219
161795
168152
176606
186509
189478
191227
192056
192285
192369
195992
196480
199447
204831
212669
213224
217057
221608
222433
224740
225756
226732
228978
230747
232087
234117
234880
235027
236274
236927
237098
243354
243461
243926
250239
252717
254480
256576
257519
261615
263345
263456
263857
267267
270200
271481
272054
273547
273957
275821
277042
278180
282098
282291
285516
287357
295934
301676
303020
303268
304002
304331
304535
306982
307628
307908
311160
313179
313500
316014
316566
317830
319456
320304
322478
322976
323203
324118
325438
326468
329878
332251
338144
339797
339816
342351
346457
350621
352217
352634
353515
353683
354213
355196
355545
358577
361697
364421
370966
372717
372763
375568
377709
378108
379701
380662
384522
384842
385172
386774
391649
395030
395327
400463
402442
403872
405215
410162
413071
413722
414625
414634
415680
418075
421338
421991
425352
426950
430513
433270
435068
437519
437561
437834
441746
442848
443711
445312
445334
449384
455611
456998
458272
459086
459855
461397
461476
462878
463389
466661
473608
475685
476124
476436
477971
479088
479720
482383
482789
484615
491028
491576
492603
492877
494314
495445
497061
497947
498150
499402
501260
501325
501327
503975
504005
504345
504412
505104
506339
511400
515034
516012
516096
524935
528147
532603
533185
534492
535726
542026
546838
547181
547337
555508
555624
556548
560110
561246
563588
563672
568506
568781
572610
572944
575505
578595
579063
579082
581244
582921
587890
588216
588351
588400
589887
591219
591890
592343
592676
592716
593077
594038
595594
596502
597306
598202
603121
604637
605538
606113
607830
608526
610952
611184
614093
614927
615517
617242
621315
622450
623853
629373
632043
633283
634866
635738
638252
638882
640209
645909
646518
650888
652202
656875
659117
659552
660976
674020
675843
678271
679444
679671
684017
686397
693972
694881
695451
698125
699332
700560
700969
701263
702166
703480
704252
706888
710504
710726
713753
717159
717348
719978
721152
723868
728236
729099
730387
730869
731320
733398
734108
736486
737686
737866
739550
740120
743018
743450
744613
750002
750908
751814
752643
753608
754432
760793
761913
762188
763251
763542
767340
768102
768597
770140
771034
771348
772417
776599
777802
778016
778782
783736
787359
795448
796916
799167
799322
801280
803139
806105
809620
809966
812020
813302
813970
814987
816819
818205
819966
821894
823599
830299
836008
838201
840998
841735
842905
846027
846679
852373
853208
853564
854176
854870
856767
857493
857516
860684
866365
868115
872462
872905
873473
876301
877030
880104
881950
884149
887934
889664
891349
892528
903605
904588
904693
904956
907482
908720
909203
910782
911013
916230
916476
921133
921674
922056
927289
928531
929366
931551
937780
937914
938656
942000
942701
943660
945090
949455
954267
954280
954804
957077
958081
961002
962658
962838
964774
965209
966002
966255
966277
967085
968587
971201
971398
972619
973367
974734
978676
981901
982207
983451
985188
985455
988174
993598
999269
