156
221
241
346
418
582
706
903
1055
1634
1852
1895
2385
2697
2705
2809
3075
3260
3290
3312
3329
3341
3403
3415
3534
3612
4485
4596
5261
5359
5502
5536
5780
5807
5813
6130
6410
6447
6538
6726
6914
7074
7169
7345
7428
7560
7703
7988
7998
8539
8766
8806
9047
9048
9138
9245
9276
9884
9919
9936
9985
10128
10481
10770
11015
11127
11376
11545
11746
11816
12026
12755
12985
13014
13589
14227
14290
14653
14902
14993
15180
15441
15646
15744
16540
16669
16710
16846
17791
18010
18257
19085
19232
19278
19478
19623
19659
19689
19931
20059
20069
20171
20598
20606
20903
20987
21199
21371
21440
21665
21690
21761
21892
22163
22250
22702
22763
23132
23794
24992
25337
25405
26018
26141
26169
26572
26653
27242
27254
27352
27363
27672
28014
28123
28161
28295
28341
28488
28603
28794
28809
28825
28913
29554
29897
30380
30531
30742
31168
31227
31394
31851
32396
32851
33219
33242
33691
33925
34298
34509
34539
34640
34932
34972
35059
35539
36067
36300
36315
36419
36700
36990
37132
37142
37238
37409
37675
38015
38229
38229
38703
38916
39233
39288
39713
39777
39944
40060
40361
40628
40783
40783
40910
41256
41458
42200
42502
42534
42802
43169
43273
43364
43402
43566
43603
44020
44079
44357
44510
44603
44613
44691
44717
45130
45249
45355
45478
45673
45759
45762
45967
46203
46274
46369
46410
46501
46507
46716
47177
47253
47428
47491
48130
48393
48468
48470
48515
48596
49336
49502
49786
50182
50401
50776
51002
51048
51217
51222
51321
51463
51784
51816
52097
52459
52552
52729
52973
52977
53023
53343
53597
53683
53709
53785
54122
54311
54352
54399
54445
54512
54605
54780
54846
55036
55418
55822
56077
56090
56164
56419
56598
56693
56934
57303
57655
57809
58164
58537
58712
58989
59089
59263
59343
59804
59869
60768
60784
60962
60981
61816
61855
61905
62460
62534
62627
62994
63301
63391
63415
63477
63911
64078
64310
64498
64537
64673
65008
65030
65166
65267
65626
65841
65882
65891
66258
66506
66924
67164
67214
67320
67363
67375
67695
67840
67955
68269
68466
68477
68537
68555
68758
68800
68938
69068
69214
69285
69389
71003
71010
71121
71137
71255
72367
72791
72880
73046
73699
74052
74252
74286
74291
74319
74516
74569
74586
74624
74633
75234
75413
75438
76417
76463
76820
76983
77145
77528
77616
77664
77773
78210
78371
78652
79212
79393
79474
79560
79591
79604
79712
79992
80031
80124
80288
80322
80625
80851
81047
81230
81603
81833
81937
82294
82835
83069
83718
83876
83944
83974
84361
84570
84921
84958
85168
85424
86022
86320
86362
86390
86466
86488
86915
87207
87496
87729
87806
87979
88064
88157
88502
88811
88958
89058
89837
90174
90399
90774
91022
91061
91253
91264
91377
91412
91498
91671
92669
92700
93489
93677
93913
94293
94608
94720
94760
94761
95269
96009
96364
96403
96733
96941
96992
97386
97563
97651
97739
97908
98081
98133
98734
98912
99304
99318
99345
99524
99551
99940
100453
100484
100692
101223
101776
102120
102317
102543
102685
102693
102829
102930
102931
102967
103244
103250
103409
103431
103604
103777
103851
103942
104067
104078
104248
104283
104617
104747
105668
105970
106679
107121
107701
107893
107964
107995
108295
108461
108565
108653
108850
108860
108935
109077
109388
109560
109665
109666
109783
109927
110213
110338
110387
111311
111564
111733
111870
112346
112522
113178
113283
113307
113512
113548
113636
113788
114304
114386
114575
114659
114957
115427
115541
115827
115910
115924
116027
116149
116225
116568
116602
116913
117023
117295
117465
117648
118044
118174
118218
118830
118850
118926
119509
119618
119945
119945
120323
120435
120979
121066
121089
121103
121469
121746
121996
122213
122825
122980
123026
123244
123523
123542
123916
124244
124365
124608
124690
124765
124996
125009
125126
125176
125399
125437
125656
126323
127200
127245
127279
127655
127861
128292
128366
128747
129312
129483
129599
129603
129850
129859
130005
130028
130163
130768
130779
131000
131088
131903
132035
132209
132307
132325
133079
133264
133327
133793
133813
134262
134798
134927
134986
135069
135347
135531
135845
136298
136653
137029
137342
137870
137932
138064
138091
138096
138145
138214
138611
138906
138973
139554
139798
139983
140035
140082
140355
140575
141025
141342
141878
142211
142612
142858
142903
142976
143385
144241
144365
144520
144589
145357
145436
145486
145578
145923
146132
146340
146489
146543
146984
147011
147061
147473
147554
147675
148274
148298
148337
148387
148399
148405
148599
148842
148937
149375
149383
149585
149591
149687
150034
150255
150276
150395
150425
150485
150831
150862
150937
151143
151230
151872
152149
152515
152549
152705
152735
152754
152773
152836
152911
153043
153068
153177
153512
153572
153731
153809
153975
154156
154213
154239
154407
154652
154697
154731
154849
154948
155685
155761
155909
156268
156714
156839
156867
157198
157360
157532
157574
157588
157997
158000
158157
158203
158231
158267
158437
158510
158943
159000
159863
160272
160718
161335
161459
161717
162116
162428
162440
162441
162703
162789
162793
162876
163008
163033
163150
163668
163833
164302
164438
164664
165103
165123
165260
165467
165664
165916
166298
166367
166652
167279
167303
167577
167633
167860
167904
168309
168413
169052
169204
169469
169757
170022
170044
170410
170697
170927
171318
172059
172065
172100
172382
172634
172736
172737
173213
173333
174382
174652
174673
174756
174797
174940
175094
175491
175587
175908
176152
176156
176225
177012
177120
177271
177477
177490
177618
177861
178214
178215
178350
178423
178434
178769
178970
179123
179284
179587
179837
180106
180763
180861
181309
181582
181717
181877
181890
182258
182349
182523
182610
183547
183905
183914
184044
184065
184316
184332
185175
185285
185827
185848
185936
186005
186126
186515
186652
187276
187281
187311
187705
188019
188030
188033
188294
188349
188543
188605
188990
189075
189253
189383
190291
190512
190538
190713
191055
191418
191680
191703
191923
192161
192601
192719
192750
192814
192819
192901
192958
193068
193077
193526
193564
193879
194161
194435
194900
195112
195166
195228
195346
195465
195612
195634
196183
196547
196783
196854
197187
197619
198008
198132
198359
198671
198722
198898
199047
199107
199128
199161
199363
199724
200242
200841
200941
201401
201480
201509
201887
202419
202440
202590
202999
203296
203348
203503
203591
203636
203809
203946
203987
204425
204589
204793
205046
205175
205266
205459
206002
206008
206036
206243
206250
206362
206438
206511
206607
207195
207274
207802
207814
208242
208436
208640
208837
209583
210217
210473
210689
211062
211206
211355
211605
211962
212001
212073
212130
212188
212978
213822
213984
213985
214212
214227
214259
214562
214782
214792
215009
215374
215454
215586
215998
216002
216112
216485
216507
216513
216625
216674
216947
217374
217817
218321
218695
218945
219088
219168
219202
219268
219413
219420
219918
220176
220287
220332
220441
220757
220819
221111
221150
221167
221431
221655
222137
222442
222720
223546
223620
223628
223651
223938
224064
224185
224188
224318
224655
224706
224813
225260
225265
225352
225405
225669
225716
226163
226419
226700
226771
226845
227042
227427
227646
227710
227775
227793
228109
228162
228510
228690
229204
229264
229608
229672
229722
229982
230339
230691
230892
231054
231068
231156
231242
231733
231860
232684
233404
233578
233856
234635
234812
234957
235287
235427
235676
235865
236059
236076
236276
236354
236398
236525
236654
237020
237156
237212
237435
237710
237792
237995
238155
238255
238348
238623
238844
239153
239161
239224
239577
239732
239864
240087
240138
240606
240678
240683
240684
240892
240897
241030
241095
241227
241274
241587
241742
241767
241832
241838
242094
242344
242423
242828
242912
243069
243104
243159
243458
243878
244388
244496
244573
244585
244918
245080
245366
245376
245812
246022
246078
246649
246707
247033
247240
247547
247831
247900
248345
248410
248552
248805
248991
249003
249033
249096
249769
249983
250033
250315
250632
250650
250753
251249
251677
251702
251723
251868
252117
252503
252946
253234
253440
253476
253608
253704
253824
254089
254326
254862
255213
255243
255741
256035
256568
257467
257720
257845
257853
258153
258177
258401
258656
258873
259142
259488
259495
259697
259765
260024
260735
260804
261244
261414
261437
261503
261612
261661
262278
262624
262641
262829
262945
263072
263092
263124
263175
263345
264100
264189
264200
264332
264397
264612
264695
264840
264923
265033
265171
265408
265667
265800
265837
266255
266458
266822
266891
267020
267072
267145
267334
267742
267773
267775
267852
267880
267971
268499
268743
268785
268846
268997
269244
269404
269504
269871
269908
270741
270797
270810
271505
271621
271633
271765
271850
272322
272398
272548
273142
273256
273551
273598
273695
273740
274363
274462
274520
274544
274680
274705
274889
275234
275478
275913
276039
276448
276540
276608
276948
277057
277071
277208
277210
278067
278166
278182
278443
279796
279830
280104
280156
280408
280616
280852
281055
281452
281701
281973
282082
282101
282413
282416
282421
282439
282772
283150
283665
283751
283887
283912
283990
284044
284218
284414
284643
284653
284703
285373
285474
285500
285541
285717
286482
286523
286557
286598
286662
286679
286751
287065
287486
287505
288518
288679
289018
289063
289405
289862
290287
290389
290403
290551
290638
290870
291206
291207
291211
291344
291363
291416
291419
291484
291548
291846
291921
292060
292201
292207
292278
292291
292484
292597
292623
292753
293008
293362
293795
293903
293990
294152
294294
294574
294632
294664
294667
295003
295055
295111
295562
295578
295762
295766
295845
296181
296263
296400
296451
296473
296734
296994
297072
297319
297621
297663
297694
297706
297777
297928
298039
298109
298132
298342
298677
299142
299270
299422
299434
299562
299625
299964
300101
300636
301023
301859
302070
302409
302641
302887
303457
303722
303829
303961
304314
304463
304514
304967
304990
305073
305171
305279
305298
305549
306282
306361
306895
307174
307204
307477
307698
307824
307954
308017
308140
308142
308199
308905
309137
309278
309712
309837
310135
310544
311139
311515
311562
311695
311889
312022
312026
312095
312112
312128
312233
312238
312371
312504
312661
312745
313158
313343
313503
313509
313654
313697
313776
313918
313978
314011
314029
314189
314260
314264
314265
314642
314714
314905
314948
315064
315400
315447
315567
315686
315732
315873
315977
315990
316277
316316
316335
316769
317437
318263
318486
318647
318707
319784
319864
319999
320380
320663
320763
321122
321298
321442
321663
321940
322083
322126
322307
322645
322826
322826
322892
323041
323406
323653
323827
324083
324175
324256
324329
324377
324419
324981
325258
325363
325380
325632
325813
325913
325940
326301
326351
326470
326471
326566
326678
326711
326928
327009
327053
327259
327735
327842
328030
328269
328437
328556
328832
329089
329235
329285
329605
329637
329766
330095
330113
330161
330205
330336
330655
330725
330900
331396
331691
332094
332375
332557
332671
332712
332997
334005
334209
334341
334716
334829
334931
334985
335562
335899
336180
336491
337031
337173
337653
338023
338296
338308
338351
338602
338644
338683
339115
339425
339426
339483
339555
339619
339858
339998
340101
340113
340171
340619
340633
341053
341288
341467
341627
341714
341886
341932
342239
342533
342829
342877
343058
343418
343424
343816
343930
343990
344380
344501
344520
344560
344650
344890
345088
345385
345476
345553
345613
345779
345786
346015
346303
346311
346318
347170
347210
347540
347601
347735
347849
348489
348622
349729
349788
349915
350019
350256
350276
350350
350478
350491
351023
351234
351472
351691
351752
352703
353511
353550
353576
353716
354035
354381
354541
354725
355065
355129
355389
355663
355684
355888
356270
356482
356663
356706
356855
356993
357131
357285
357294
357509
357556
357971
358134
358620
358832
359377
359643
359747
359873
360001
360694
360713
360741
360847
361062
361288
361570
361638
361848
362260
362419
362550
362742
362879
363196
363263
363662
363730
363990
364288
364504
364594
364616
364660
364893
365621
365678
365792
366043
366329
366586
367126
367233
367545
367956
368089
368574
368713
369200
369331
369456
369519
371070
371489
371514
371564
371890
372252
372429
372605
373129
373291
373461
373642
373892
374173
374637
374945
375351
375666
375884
376179
376305
376416
376513
376607
376734
376755
376993
377128
377154
377427
377801
378048
378106
378255
378652
379289
379523
380267
380371
380547
380701
380736
380740
381067
381085
381099
381144
381388
381450
381582
381818
382193
382263
382299
382616
382801
382898
383041
383313
383600
383606
383743
384360
384439
384454
385024
385541
385905
386026
386117
386218
386428
386457
386614
386957
387005
387300
387306
387382
387814
387822
387945
387976
388248
388326
388405
388512
388983
389126
389170
389655
389850
389858
390071
390423
390782
391016
391122
391218
391346
391375
391481
391618
391910
392419
392576
392630
392724
392780
393142
393300
393694
393701
393807
394215
394502
394914
395062
395339
395393
395635
396659
396713
396838
396840
397033
397301
397327
397441
397568
397703
397831
398188
398459
398579
399291
399718
399792
399796
399897
399975
399986
400037
400637
400671
401320
401371
402118
402161
402191
402349
402672
402853
403235
403678
403764
404170
404363
404432
404776
405828
406024
406044
406226
406639
406736
407026
407036
407080
407157
407817
407884
407899
408081
408531
409313
409436
409987
410051
410581
410596
410655
410924
410982
411293
411496
411498
411568
411955
411957
412114
412261
412287
412410
412594
412723
412839
413006
413054
413274
413410
413696
413840
414279
414540
414842
414915
415624
415663
415677
416673
416692
416986
417200
417436
417571
417680
418002
418231
418475
418568
418857
419314
419314
419466
419800
420411
420532
421111
421517
421747
422282
422343
422504
422883
422993
423344
423529
423601
423837
424039
424969
425011
425059
425161
425349
425435
425942
426058
426231
426415
427148
427250
427291
427327
427429
427677
427683
427758
427833
427909
428171
428951
428992
429298
429882
429913
429927
430083
430110
430274
430511
430568
430600
430952
431040
431196
431311
432179
432499
432568
432842
432875
432907
432930
433050
433111
433133
433178
433660
433974
434730
435208
435493
435587
436061
436275
436314
436464
436468
436604
437004
437082
437138
437425
437513
437625
437651
437892
438239
438310
438332
438597
438621
439114
439135
439218
439439
439439
439885
439892
440044
440223
440648
440737
441165
441236
441788
441816
442490
442601
443232
443262
443886
443983
444122
444180
444200
444506
444644
444680
444992
445160
446002
446082
446285
446999
447721
447729
448155
448539
448714
448821
449080
449099
449315
449566
449878
449895
449990
450015
450048
450521
450569
450571
450725
451747
451758
451858
452146
452153
452487
452633
452663
453092
453325
453529
453727
454311
454708
455197
455226
455542
455861
455864
456151
456478
456793
456830
456877
457020
457316
457324
457456
457663
458069
458172
458402
458918
459284
459339
459563
459660
459926
459963
460294
460731
460734
461079
461297
461334
461348
461402
461565
461635
461862
461906
462089
462306
462438
462530
463136
463328
463403
463462
463743
464019
464251
464341
464686
464753
465255
465345
465373
465555
465604
465789
465895
466092
466135
466143
466228
466324
466359
467001
467058
467515
467954
467959
468032
468104
468158
468257
468373
468687
468767
468848
469197
469292
469298
469323
469354
469477
469505
469921
470349
470530
470665
470691
470977
471313
472161
472475
473143
473427
473441
473474
473824
474001
474209
474550
474944
475485
476131
476539
476565
476969
477065
477175
477348
477491
477524
478038
478689
479018
479099
479225
479858
479954
480093
480126
480267
480512
480683
480976
481248
481362
481786
481899
482302
482496
482498
482762
482831
482871
482889
482912
482977
483115
483186
483335
483377
483518
483589
483883
484008
484188
484203
485078
485160
485366
485386
485416
485449
485511
485734
485924
485948
486197
486301
486450
486490
487020
487170
487566
487841
487968
487971
488135
488171
488236
488304
488481
488502
488697
488901
488921
489245
489269
489582
489766
490035
490079
490637
490709
490748
490841
491002
491029
491099
491499
492143
492512
492607
492712
492917
492973
492984
493194
493214
493322
493361
494069
494120
494260
494326
494507
494743
494956
495354
495401
495628
495677
495853
495995
496315
496372
496582
496962
497333
497336
497448
497876
498570
498637
498681
498703
499206
499426
499473
499621
499632
499791
499847
500289
500303
500720
500738
500783
500844
500873
501593
502288
502314
502347
502577
502605
502907
503364
503419
503683
504318
504491
504519
504789
505071
505128
505289
505329
505421
505580
505855
506055
506091
506421
506545
506957
507073
507414
507544
507592
507725
507812
507928
508025
508651
508690
508781
508869
508950
509188
509470
509496
509505
509669
509747
509905
510028
510226
510250
510530
510534
510639
510720
511265
511305
511309
511407
511800
511815
512021
512097
512107
512530
512563
512693
513104
513963
514036
514165
514248
514279
514288
514457
514526
514620
514762
514958
514986
515054
515135
515259
515446
515455
515765
516043
516121
516275
516523
516713
516748
516911
516923
517225
517323
517423
517506
517530
517809
517848
518041
518128
519584
520037
520200
520278
520322
520378
520971
521024
521027
521244
521291
521362
521853
522088
522130
522416
522493
522542
522904
523602
523888
524491
525009
525519
525924
526125
526246
526761
526879
527243
527372
527431
527977
527985
528064
528064
528179
528679
528740
528963
529109
529182
529197
529309
529452
529488
529718
530351
530898
531187
531323
531333
531444
531558
531593
532189
532232
532451
532476
532869
532916
532921
532942
533107
533280
533660
533723
533850
534265
534430
534806
534823
534857
534913
535054
535811
535869
535920
535997
536269
536348
536606
536786
537409
537466
538010
538026
538477
538540
538788
539002
539259
539593
539694
539864
540019
540580
540905
541080
541582
541828
541891
542291
542678
542681
542801
542865
542905
543127
543201
543213
543451
543477
543521
543915
543941
544090
544310
544651
545065
545108
545396
545418
545540
545613
545777
545794
546576
546878
547096
547163
547507
547568
547829
547836
547955
547991
548046
548224
548516
548649
548686
548883
548907
548926
549418
549845
549869
550228
550686
550899
550967
551442
552052
552144
552152
552363
552748
552968
553143
553147
553419
553695
553724
554169
554489
555127
555188
555215
555487
555732
555734
555765
556030
556052
556439
556690
556794
556803
556828
556897
556910
557424
558343
558433
558447
558718
559005
560502
560538
560980
561013
561143
561376
561404
561426
561473
561851
562505
562559
562607
562739
562988
563119
563155
563258
563419
563671
563858
563926
563928
563934
564327
564594
564931
565089
565434
565529
565633
565845
566012
566386
566552
566554
566554
566764
566799
567589
567723
567994
568021
568125
568359
568409
568475
568580
568891
569076
569423
569975
570140
570481
570686
571009
571329
571488
572076
572238
572475
572511
572761
572877
573052
573624
574234
574400
574406
574583
574602
574649
574757
575223
575229
575397
575690
575782
575851
576742
576757
576837
576919
577461
577901
578230
578339
578568
578753
578909
578937
579055
579102
579199
579737
579892
579902
579929
580248
580331
580627
580671
580704
580816
580824
580922
581377
581684
581774
582038
582221
582581
582828
582963
583063
583073
583134
583253
583439
583462
583866
583973
584576
584870
585115
585149
585474
585508
585530
585661
585707
585760
586015
586126
586355
586420
586463
586827
587085
587169
587660
587665
587736
587811
587924
588186
588410
588453
588830
588953
589402
589493
589540
589605
589714
590205
590390
591042
591451
591744
591966
591978
592433
592593
593161
593343
593719
594192
594243
594303
594958
595250
595286
595295
595456
595780
595890
596207
596341
596454
596566
596821
597943
598470
599199
599547
599767
600082
600172
600249
600362
600912
600918
600953
601036
601243
601305
601402
601565
601566
601566
601649
601697
601994
602247
602557
602654
602668
602737
602835
602850
603043
603044
603068
603514
603621
604027
604036
604116
604199
604346
604372
604427
604978
605115
605271
605624
605664
605780
605823
605926
606117
606376
606577
607025
607319
607426
607691
607859
608023
608173
608368
608436
608525
609468
609620
609692
609768
609950
610173
610209
610787
610810
611151
611531
611568
611582
611613
611639
611702
612229
612846
613120
613523
613557
613730
613891
614225
614560
614612
614631
614810
614819
614908
614941
615250
615501
615785
615809
615848
615882
616072
616138
616179
616287
616326
616528
616653
616852
617152
617152
617460
617479
617669
617750
617830
617961
618268
618394
618929
619090
619192
619249
619268
619419
619428
619540
619676
619966
620395
620897
621019
621174
621249
621682
622204
622763
622940
623403
623537
623590
623658
623868
623954
624245
624452
624656
624825
624919
625098
625101
625199
625232
625295
625507
625550
625752
625858
626016
626117
626332
626453
626456
626460
626576
626590
626698
626732
627248
627330
627450
628237
628304
628703
628892
629046
629167
629455
629706
629707
629945
629961
630170
630196
630607
631515
631521
631705
631996
632154
632284
632326
632514
632532
632843
633295
633444
633636
634178
634487
634539
634582
635374
635825
635832
635848
635956
636117
636426
636735
636950
636999
637212
637336
637704
637756
637766
637780
637846
637982
638148
638159
638289
638362
638391
639135
639871
639984
640332
640587
640610
640765
641070
641271
641430
641654
641680
641932
641959
641982
642020
642271
642337
642632
642720
642721
643157
643215
643781
643808
644106
644221
644625
644760
644779
644825
645038
645067
645294
645383
645389
645570
645627
645812
646070
646151
646506
646551
646650
646962
647072
647257
647393
647459
647574
647663
647686
647813
648001
648374
648452
648514
648655
648826
649007
649233
649235
649373
649410
649565
649912
650015
650546
650570
650793
650821
651478
651564
651651
652123
652181
652201
652395
652646
652683
654071
654163
654217
654632
654932
655143
655262
655295
655339
655360
655504
655540
655560
655680
655963
656046
656270
656440
656693
656714
656906
656918
657033
657051
657180
658323
658417
658536
658590
658757
658776
659630
659911
659977
660025
660102
660108
660171
660182
660255
660376
660489
660681
661538
661623
661654
661810
662143
662146
662538
662862
662892
663045
663078
663679
663748
664009
664143
664494
664860
664944
664968
664986
665272
665493
665517
665628
665725
665748
666115
666257
666310
666387
666395
666429
666708
667034
667603
667669
667887
668029
668029
668209
668635
668743
668820
669195
669196
669689
670186
670531
670655
670776
670796
671164
671280
671349
671609
671773
671982
672518
672630
672737
673145
673225
673364
673554
674030
674037
674298
674435
674921
674975
675095
675401
675752
675803
676264
676409
676520
676710
676874
677532
677556
677652
677811
678412
678824
678976
679233
679418
679439
679546
679566
679647
679716
679748
680011
680192
681028
681583
681622
681893
681904
682115
682518
682664
682701
682804
683093
683547
683670
683740
683910
684437
684647
684648
685135
685180
685584
685784
685785
685951
686006
686311
686472
686527
686557
687052
687090
687094
687162
687380
687450
687900
687940
688042
688095
688428
689145
689222
689400
689594
689754
690102
690235
690667
690688
690728
690977
691131
691285
691364
691387
691719
692483
692551
692650
693695
693697
693810
694210
695228
695724
695815
695887
696267
696303
696443
696611
696857
696973
697044
697250
697368
697604
697846
698295
698333
698527
698567
698843
699040
699084
699113
699352
699550
699624
699725
699813
700082
700197
700211
700287
700399
700482
700632
700726
700836
700848
700917
701402
701476
701553
701646
701906
702017
702099
702325
702605
702798
702850
703406
703429
703449
704174
704375
704461
704894
705056
705369
705454
705537
705715
705943
706007
706195
706308
706330
706366
706592
706646
706731
706905
706997
707135
707324
707374
707409
707817
708099
708334
708416
708495
708718
708761
709210
709393
709615
709738
709817
709878
710088
710469
710518
710871
710901
710950
710981
711118
711243
711531
711670
711872
711966
711999
712065
713016
713273
713290
713576
713684
713898
713974
714081
714096
714194
714264
714299
714595
714623
714867
714889
715048
715068
715141
715252
715329
715337
715724
715799
716291
716569
716685
716795
716821
716978
717173
717306
717480
717616
717625
717706
717721
717889
718113
718173
718194
718245
718553
718961
719162
719423
719738
721163
721233
721250
721304
721373
721682
721709
721768
722064
722262
722415
722667
722733
722857
723480
723583
723815
723919
723935
724235
724281
724624
724855
724865
725584
725677
725683
725908
725983
726019
726166
726675
726963
727075
727281
727969
728608
728682
728782
728935
729559
729638
729683
729940
730034
730145
730150
731008
731221
731454
731617
732198
732253
733298
733803
733972
733991
734073
734080
734163
734376
735224
735845
735946
736199
736231
736261
736428
736561
736624
736692
736872
736973
737359
737595
737679
738053
738067
738345
738411
739296
739638
739848
740095
740208
740500
740504
740794
740819
740861
740879
741003
741056
741244
741571
742102
742308
742312
742542
742585
742746
742818
743069
743223
743268
743394
743428
743504
743637
743795
744202
744484
744628
744690
745539
745574
745580
745695
745823
746084
746182
746354
746455
746512
746515
746812
747063
747094
747278
747884
747981
747989
748270
748723
748768
748961
749022
749219
749518
749838
749915
749936
750077
750102
750269
750280
750293
750298
750636
751064
751098
751828
751999
752359
752735
752954
753265
753360
753483
753744
753771
754216
754274
754556
754627
754652
754696
754696
754830
754956
755126
755179
755226
755514
755661
755711
755895
756576
756678
757196
757376
757440
758079
758187
758294
758607
758623
758797
759122
759830
760021
760127
760327
760406
760504
760567
760704
760737
760784
760934
760943
761020
761807
761828
762275
762440
762623
762680
762853
762915
762915
762982
763095
763727
763803
763938
764076
764206
764280
764676
765026
765118
765139
765155
765277
765533
765647
765865
766180
766199
766934
766940
767160
767294
767324
767325
767859
768071
768100
768257
768328
768553
768636
768678
769269
769365
770153
770732
770822
771091
771231
771350
771472
771765
771880
772220
772245
772282
772810
772968
773075
773514
773576
773623
773852
773860
774239
774636
774873
775122
775175
775179
775241
775246
775368
775504
775724
775913
775993
776313
776576
777130
777132
777159
777163
777193
777274
777398
777412
777512
778542
778818
779197
779232
779397
779425
779530
779905
779997
780375
780743
781101
781132
781410
781598
781651
781723
781920
782032
782124
782358
782362
782547
782765
782969
782986
783143
783205
783300
783575
785382
785525
785549
785999
786121
786434
786459
786700
786983
787110
787239
787329
787640
787750
788091
788137
788162
788171
788184
788289
788292
788301
788395
788519
788598
788778
788783
788789
789016
789378
789754
789909
790047
790073
790082
790211
790805
791164
791176
791205
791278
791406
791443
791539
791615
791648
791690
791870
792338
792493
792727
793239
793366
793569
793585
793676
793941
794586
794689
794694
794695
795279
795559
795626
795631
795632
795802
795811
795948
796111
796261
796387
796406
796408
796536
796603
796776
796784
796869
796980
797115
797379
797520
797554
798069
798125
798166
798369
798798
798918
798919
799341
799438
799468
799670
800860
801070
801294
801295
801358
801783
801881
801981
802398
802447
802514
802704
802744
802845
802982
803082
803135
803301
803563
803823
804102
804572
804880
805040
805235
805736
806072
806243
806452
806846
807045
807142
807153
808149
808442
808840
808993
809047
809638
809768
810207
810375
810446
811159
811428
811433
811488
811844
812056
812120
812239
812592
812593
812614
812623
813315
813574
813891
814165
814755
814824
814896
814897
815000
815117
815170
815566
815591
815661
815988
816142
816415
817215
818456
819163
819593
819756
819960
820347
820419
820673
820808
820871
821094
821120
821569
821688
821745
822222
822535
822861
822921
822931
823052
823161
823357
823572
823924
824162
824249
824423
824478
824505
824649
824780
824912
825156
825323
825331
825433
825520
825539
825617
825756
825951
826177
826191
826432
826652
826723
826782
827094
827166
827211
827240
827318
827387
827468
827533
827679
827699
828015
828056
828244
828410
828698
828711
828716
828829
829366
830235
831219
831326
831609
831642
831672
831751
831835
832072
832075
832093
832572
832726
832924
832929
832987
833089
833774
833914
834185
834380
834450
834642
834765
834794
834829
835029
835508
835667
836097
836475
836481
836540
836596
836919
836959
837151
837231
837356
837445
837517
837519
837970
838244
838377
838513
838553
838712
839717
839766
839894
840047
840547
840702
840715
840748
841038
841289
841402
841504
841538
841642
841862
841881
841999
842128
842161
842176
842471
842844
842931
843613
844121
844317
845110
845144
845163
845165
845384
845407
845508
846121
846523
846761
846785
847073
847603
848136
848230
848568
848582
848592
848802
848870
848983
849070
849205
849465
849566
849681
849832
849885
850512
850720
850822
850925
851022
851627
851866
852554
852848
853170
853200
853295
853449
853686
853745
853795
853818
853935
854126
854387
854414
854440
854454
854670
854942
855261
855598
855747
855801
855822
856262
856291
856476
856589
856833
856900
856937
857032
857061
857115
857145
857464
857649
857963
858200
858485
858513
858604
858809
858874
859124
859344
859713
859888
860528
860563
860708
861085
861230
861317
861577
861589
861952
861960
862024
862151
862641
862997
863388
863457
863472
863482
863844
864296
864421
864659
864724
864834
865383
865645
865688
866048
866479
866608
866758
867296
867440
867510
867624
867867
868030
868039
868075
868078
868167
868294
868333
868582
868851
869396
869472
869546
870382
870467
870494
870603
870731
870804
871078
871133
871384
871395
871420
871880
872120
872177
872368
872370
872558
872702
872850
872973
873178
873701
873822
874193
874203
874386
874456
874759
874834
875094
875504
875520
875822
876110
876331
876359
876446
876453
876496
876508
876525
876842
876886
877480
877950
878063
878264
878350
878392
878412
878483
878507
878562
878702
878846
878879
878954
878987
879117
879193
879362
879678
879882
880289
880705
880793
880897
881003
881014
881113
881369
881387
881395
881421
881908
881933
882577
882735
882741
882819
882907
882945
883205
883231
883565
884047
884079
884146
884801
884869
885041
885073
885112
885322
885404
885455
886020
886493
886930
887065
887142
887220
887284
887380
887749
888223
888424
888883
888938
889143
889261
889684
889831
890043
890286
890351
890583
890700
890765
890878
891097
891417
891537
891860
892145
892264
892377
892410
892600
893593
893826
894057
894233
894355
894573
894720
895050
895107
895132
895175
895940
896218
896398
896620
896890
897178
897180
898268
898389
898759
898776
898839
899032
899102
899147
899323
899529
899686
899734
899762
899888
899915
900271
900312
900324
900546
900859
900938
901132
901159
901400
901655
901743
901854
902515
902816
902818
903051
903349
903404
903440
903453
903996
904078
904199
904216
904358
904520
904596
904699
904852
904892
904914
904918
905578
905597
906069
906204
906308
906712
906767
906799
907415
907698
907709
907779
907932
908456
908465
908496
908619
908641
908768
908850
908967
909346
909416
909744
910127
910168
910200
910430
910747
911037
911043
911190
911209
911396
911768
912041
912055
912172
912428
912444
912726
912744
913157
913397
913463
913760
913886
913948
914150
914364
914803
915152
915437
915512
915541
916388
916685
916749
916836
916857
916973
917013
917359
917744
917905
917999
918274
918405
918468
918797
919072
919212
919650
919816
919884
920054
920062
920225
920407
920537
920661
921007
921219
921271
921388
921541
922094
922316
922778
922864
922880
922901
923515
923676
924114
924209
924515
924777
924947
925799
925942
925964
926077
926227
926286
926396
926476
926514
927183
927559
927617
927846
927851
928010
928027
928120
928156
928377
928406
928555
928629
928754
928812
928924
928968
929047
929087
929166
929577
929607
930502
930533
930592
930794
930927
931003
931128
931435
931608
931780
931798
932091
932331
932373
932783
932784
932803
932952
933014
933236
933590
933917
933983
934294
934419
934562
935158
935333
936060
936195
936332
936798
936842
936907
937023
937604
937642
937663
937780
937795
938233
938425
938592
938608
938653
939003
939071
939529
939646
939911
940104
940461
940462
940565
940876
941154
941450
941496
942272
942281
942606
942899
942937
943034
943304
943601
943680
943770
943929
944074
944447
944498
944541
944667
944711
944763
944984
945020
945085
945410
945464
945564
946002
946061
946116
946270
946451
946464
946563
946585
946628
946808
947196
947432
947453
947872
947918
948010
948049
948052
948062
948128
948256
948421
948636
948915
948957
949360
949510
949513
949569
949591
949821
949941
950139
950382
950893
951111
951161
951259
951517
951804
951826
951848
951913
952436
952877
953072
953078
953272
953943
954242
954251
954254
954594
954627
955246
955385
955472
955530
955861
956021
956035
956201
956541
956577
956689
956842
957397
957477
957572
957589
957935
958324
958391
958562
959246
959406
959920
960100
960336
960960
961259
961597
961757
961892
962018
962029
962161
962185
962359
962457
962536
962581
963588
963677
963806
963839
964016
964055
964212
964986
965362
966062
966101
966104
966360
966431
966506
966593
967024
967037
967071
967126
967149
967179
967234
967439
967476
967524
967796
967845
967897
967977
968064
968201
968313
968573
968614
968994
969297
969305
969355
969604
969791
970192
970323
970474
970491
970536
970674
970970
971043
971054
971534
971604
971980
972118
972348
972493
972526
972742
973304
973353
973460
973917
974239
974663
975004
975071
975080
975327
975849
975981
976090
976123
976392
976501
976695
977384
977654
977704
977901
977928
977929
978071
978114
978228
978906
979056
979264
979925
979948
980221
980695
980816
980889
980939
981002
981020
981410
981548
982003
982208
982360
982421
982531
982641
982684
982753
982806
982937
982944
982949
983116
983123
983395
983550
983744
984029
984289
984836
984951
985101
985230
985386
985815
985890
985977
985979
986184
986208
986280
986427
986451
986532
986534
986630
987515
987552
987914
988130
988482
988741
988969
989135
989237
989239
989406
989452
989462
989579
989919
990285
990364
990767
991288
991308
991486
991582
991779
991889
991987
992331
992381
992566
992617
992831
993019
993187
993263
993336
993497
993732
994063
994129
994142
994256
994373
994604
994704
994731
994831
994868
994871
994919
994987
995313
995640
995665
995720
995971
996115
996295
996356
996568
996589
996676
996677
997555
997612
998131
998225
998596
998878
999025
999123
999728
