4
5
14
18
27
30
46
59
65
77
80
95
121
160
173
194
201
204
227
258
263
296
314
318
326
327
343
362
364
379
386
411
412
415
417
444
459
466
469
475
480
481
483
497
500
500
521
525
527
543
553
557
562
564
567
569
574
581
582
585
595
597
601
617
618
635
646
657
661
672
695
702
745
757
765
766
773
795
803
807
820
843
849
872
874
877
886
889
896
899
914
917
917
939
945
946
948
983
992
995
1021
1031
1043
1045
1052
1072
1073
1084
1086
1093
1101
1134
1134
1144
1149
1171
1208
1209
1214
1222
1236
1252
1253
1253
1267
1269
1274
1290
1293
1296
1304
1305
1311
1324
1324
1332
1339
1349
1353
1363
1391
1402
1426
1441
1451
1463
1464
1470
1504
1523
1556
1558
1559
1560
1570
1572
1583
1593
1615
1630
1632
1635
1648
1668
1674
1717
1721
1722
1726
1729
1736
1742
1747
1751
1752
1753
1756
1784
1793
1797
1800
1805
1823
1827
1841
1841
1865
1876
1877
1886
1895
1921
1925
1927
1937
1940
1950
1956
1960
1962
1974
1991
1999
2002
2006
2006
2017
2021
2026
2031
2033
2037
2042
2045
2047
2058
2060
2087
2124
2137
2140
2146
2153
2158
2163
2167
2170
2172
2173
2173
2175
2176
2186
2186
2188
2194
2212
2226
2232
2250
2267
2272
2282
2282
2283
2287
2309
2325
2335
2337
2341
2351
2405
2423
2431
2445
2453
2458
2461
2466
2479
2490
2501
2520
2526
2534
2543
2554
2570
2570
2572
2574
2578
2585
2591
2592
2600
2620
2640
2656
2657
2673
2690
2705
2707
2713
2722
2733
2746
2752
2770
2780
2787
2809
2832
2860
2865
2877
2898
2903
2911
2932
2966
2974
2984
2988
3025
3028
3060
3064
3105
3106
3109
3127
3134
3138
3146
3153
3156
3199
3242
3243
3265
3269
3272
3274
3275
3286
3287
3297
3299
3308
3327
3330
3330
3335
3346
3368
3373
3378
3396
3435
3445
3457
3459
3466
3467
3470
3470
3483
3496
3504
3510
3521
3522
3532
3534
3560
3562
3573
3575
3589
3590
3604
3620
3620
3623
3626
3631
3653
3676
3687
3699
3717
3728
3731
3740
3746
3755
3759
3771
3787
3790
3806
3807
3810
3826
3835
3856
3873
3875
3877
3889
3893
3894
3906
3944
3970
3977
3979
3982
3987
4003
4003
4043
4050
4090
4101
4120
4136
4141
4145
4155
4159
4159
4161
4174
4175
4188
4190
4212
4223
4240
4244
4260
4271
4283
4323
4334
4335
4345
4351
4352
4364
4376
4393
4394
4399
4405
4411
4416
4418
4418
4419
4425
4429
4442
4451
4470
4489
4489
4504
4509
4520
4527
4533
4533
4538
4542
4544
4553
4563
4567
4579
4587
4595
4599
4613
4631
4647
4648
4663
4667
4678
4716
4721
4724
4743
4745
4752
4757
4772
4781
4782
4786
4789
4820
4821
4871
4875
4878
4882
4886
4888
4907
4955
4967
4970
4970
4989
4991
